 0.1126730000 -0.0811320000  0.1163100000  0.1875100000 -0.0059100000  0.1140540000 0.2623470000 0.0693120000 0.1117990000 0.3371840000 0.1445340000 0.1095430000  0.4291830000 -0.3396430000  0.4458980000  0.4462030000 -0.2668710000  0.3705410000  0.4632230000 -0.1940980000  0.2951850000  0.6528480000 -0.0295680000  0.5428530000  0.6173850000 -0.0747910000  0.4536270000 0.5147380000 0.3098110000 0.3774820000 
 0.1126730000 -0.0811320000  0.1163100000  0.4061490000 -0.3349900000  0.4738250000  0.6128860000 -0.0225160000  0.6035300000 0.4547940000 0.3203890000 0.4684990000  0.1196330000 -0.0152070000  0.1871900000  0.3676360000 -0.2461470000  0.4803240000  0.5200140000 -0.0491280000  0.5943070000 0.1265930000 0.0507180000 0.2580690000  0.3291220000 -0.1573050000  0.4868230000 0.1335530000 0.1166430000 0.3289490000 
0.1335530000 0.1166430000 0.3289490000 0.0450060000 0.1131480000 0.3260650000 -0.0435410000  0.1096520000  0.3231820000 -0.1320880000  0.1061570000  0.3202980000  0.0129460000 -0.1304020000  0.5224340000 -0.0681450000 -0.1479080000  0.5537200000 -0.1492350000 -0.1654150000  0.5850070000 -0.0041080000 -0.0304540000  0.7448240000 -0.0832060000 -0.0190240000  0.7832160000 -0.0758460000  0.3328240000  0.6278300000 
-0.0126730000 -0.0816930000  0.1594830000  0.0360690000 -0.0155810000  0.2159720000 0.0848110000 0.0505310000 0.2724600000 0.1335530000 0.1166430000 0.3289490000  0.0029060000 -0.2953820000  0.6142370000  0.0234450000 -0.2120230000  0.5635720000  0.0439830000 -0.1286630000  0.5129080000 0.0483140000 0.0022140000 0.8175580000  0.0578490000 -0.0353110000  0.7256960000 0.0170890000 0.3255400000 0.5991370000 
-0.0212610000  0.3968770000  0.6720600000 -0.0084790000  0.3730990000  0.6477490000 0.0043060000 0.3493180000 0.6234480000 0.0170890000 0.3255400000 0.5991370000 -0.0394560000  0.3755260000  0.6573170000 -0.0266740000  0.3517480000  0.6330060000 -0.0138890000  0.3279660000  0.6087040000 -0.0576510000  0.3541750000  0.6425740000 -0.0448690000  0.3303980000  0.6182630000 -0.0758460000  0.3328240000  0.6278300000 
-0.0126730000 -0.0816930000  0.1594830000 -0.0281310000 -0.2971220000  0.6237620000 -0.0136430000  0.0070710000  0.8366840000 -0.0758460000  0.3328240000  0.6278300000 -0.0524780000 -0.0190760000  0.2130880000 -0.0886830000 -0.2312680000  0.6043840000 -0.0832060000 -0.0190240000  0.7832160000 -0.0922830000  0.0435400000  0.2666930000 -0.1492350000 -0.1654150000  0.5850070000 -0.1320880000  0.1061570000  0.3202980000 
0.0170890000 0.3255400000 0.5991370000  0.0578490000 -0.0353110000  0.7256960000  0.0439830000 -0.1286630000  0.5129080000 0.1335530000 0.1166430000 0.3289490000 -0.0138890000  0.3279660000  0.6087040000  0.0268710000 -0.0328820000  0.7352600000  0.0129460000 -0.1304020000  0.5224340000 -0.0448690000  0.3303980000  0.6182630000 -0.0041080000 -0.0304540000  0.7448240000 -0.0758460000  0.3328240000  0.6278300000 
0.0170890000 0.3255400000 0.5991370000 0.0043060000 0.3493180000 0.6234480000 -0.0084790000  0.3730990000  0.6477490000 -0.0212610000  0.3968770000  0.6720600000 0.0483140000 0.0022140000 0.8175580000 0.0355300000 0.0259940000 0.8418640000 0.0227460000 0.0497740000 0.8661700000  0.0029060000 -0.2953820000  0.6142370000 -0.0093260000 -0.3138020000  0.6430600000 -0.0126730000 -0.0816930000  0.1594830000 
-0.1212230000 -0.0836250000  0.1245670000 -0.4223020000 -0.2277000000  0.3986960000 -0.6074770000  0.1231170000  0.5869320000 -0.4563180000  0.4388160000  0.3746900000 -0.2006400000 -0.0071420000  0.1212750000 -0.4469440000 -0.1587900000  0.3161620000 -0.6651980000  0.1042170000  0.4948510000 -0.2800570000  0.0693420000  0.1179820000 -0.4715850000 -0.0898800000  0.2336290000 -0.3594740000  0.1458250000  0.1146900000 
-0.4563180000  0.4388160000  0.3746900000 -0.6074770000  0.1231170000  0.5869320000 -0.4223020000 -0.2277000000  0.3986960000 -0.1212230000 -0.0836250000  0.1245670000 -0.4368410000  0.4529650000  0.3952980000 -0.5879990000  0.1372660000  0.6075410000 -0.4185780000 -0.2388570000  0.4281220000 -0.4173630000  0.4671140000  0.4159070000 -0.5685210000  0.1514150000  0.6281490000 -0.3978850000  0.4812630000  0.4365150000 
0.3371840000 0.1445340000 0.1095430000 0.2693070000 0.1352370000 0.1826780000 0.2014300000 0.1259400000 0.2558140000 0.1335530000 0.1166430000 0.3289490000  0.4401890000 -0.1894450000  0.3231120000  0.3846560000 -0.1733750000  0.4049670000  0.3291220000 -0.1573050000  0.4868230000  0.5774220000 -0.0677390000  0.5143040000  0.5200140000 -0.0491280000  0.5943070000 0.4547940000 0.3203890000 0.4684990000 
0.5147380000 0.3098110000 0.3774820000  0.6173850000 -0.0747910000  0.4536270000  0.4632230000 -0.1940980000  0.2951850000 0.3371840000 0.1445340000 0.1095430000 0.4947570000 0.3133370000 0.4078220000  0.5974030000 -0.0712650000  0.4839650000  0.4401890000 -0.1894450000  0.3231120000 0.4747750000 0.3168630000 0.4381600000  0.5774220000 -0.0677390000  0.5143040000 0.4547940000 0.3203890000 0.4684990000 
-0.0758460000  0.3328240000  0.6278300000 -0.0136430000  0.0070710000  0.8366840000 -0.0281310000 -0.2971220000  0.6237620000 -0.0126730000 -0.0816930000  0.1594830000 -0.0576510000  0.3541750000  0.6425740000 0.0045520000 0.0284220000 0.8514270000 -0.0093260000 -0.3138020000  0.6430600000 -0.0394560000  0.3755260000  0.6573170000 0.0227460000 0.0497740000 0.8661700000 -0.0212610000  0.3968770000  0.6720600000 
0.5441290000 0.3785790000 0.4563040000 0.5343320000 0.3556560000 0.4300300000 0.5245350000 0.3327340000 0.4037570000 0.5147380000 0.3098110000 0.3774820000 0.5143500000 0.3591820000 0.4603690000 0.5045530000 0.3362600000 0.4340950000 0.4947570000 0.3133370000 0.4078220000 0.4845730000 0.3397860000 0.4644340000 0.4747750000 0.3168630000 0.4381600000 0.4547940000 0.3203890000 0.4684990000 
0.5147380000 0.3098110000 0.3774820000 0.5245350000 0.3327340000 0.4037570000 0.5343320000 0.3556560000 0.4300300000 0.5441290000 0.3785790000 0.4563040000  0.6528480000 -0.0295680000  0.5428530000  0.6626450000 -0.0066460000  0.5691260000 0.6724430000 0.0162770000 0.5954000000  0.4291830000 -0.3396430000  0.4458980000  0.4307200000 -0.3609510000  0.4751440000  0.1126730000 -0.0811320000  0.1163100000 
0.4547940000 0.3203890000 0.4684990000  0.6128860000 -0.0225160000  0.6035300000  0.4061490000 -0.3349900000  0.4738250000  0.1126730000 -0.0811320000  0.1163100000 0.4845730000 0.3397860000 0.4644340000  0.6426640000 -0.0031190000  0.5994650000  0.4307200000 -0.3609510000  0.4751440000 0.5143500000 0.3591820000 0.4603690000 0.6724430000 0.0162770000 0.5954000000 0.5441290000 0.3785790000 0.4563040000 
-0.3978850000  0.4812630000  0.4365150000 -0.3886260000  0.4519590000  0.4171440000 -0.3793660000  0.4226550000  0.3977700000 -0.3701070000  0.3933510000  0.3783990000 -0.4173630000  0.4671140000  0.4159070000 -0.4081040000  0.4378100000  0.3965350000 -0.3988440000  0.4085050000  0.3771620000 -0.4368410000  0.4529650000  0.3952980000 -0.4275810000  0.4236610000  0.3759270000 -0.4563180000  0.4388160000  0.3746900000 
-0.3701070000  0.3933510000  0.3783990000 -0.3793660000  0.4226550000  0.3977700000 -0.3886260000  0.4519590000  0.4171440000 -0.3978850000  0.4812630000  0.4365150000 -0.5500020000  0.0928060000  0.5894040000 -0.5592610000  0.1221100000  0.6087760000 -0.5685210000  0.1514150000  0.6281490000 -0.3909540000 -0.2277310000  0.4073170000 -0.4185780000 -0.2388570000  0.4281220000 -0.1212230000 -0.0836250000  0.1245670000 
-0.1212230000 -0.0836250000  0.1245670000 -0.1248450000 -0.0203640000  0.1898110000 -0.1284660000  0.0428960000  0.2550540000 -0.1320880000  0.1061570000  0.3202980000 -0.3909540000 -0.2277310000  0.4073170000 -0.3261870000 -0.1733210000  0.3739030000 -0.2614200000 -0.1189110000  0.3404890000 -0.5500020000  0.0928060000  0.5894040000 -0.5128290000  0.0430250000  0.5229830000 -0.3701070000  0.3933510000  0.3783990000 
-0.3701070000  0.3933510000  0.3783990000 -0.5128290000  0.0430250000  0.5229830000 -0.2614200000 -0.1189110000  0.3404890000 -0.1320880000  0.1061570000  0.3202980000 -0.3988440000  0.4085050000  0.3771620000 -0.5415660000  0.0581800000  0.5217470000 -0.2927680000 -0.1188800000  0.3318680000 -0.4275810000  0.4236610000  0.3759270000 -0.5703030000  0.0733350000  0.5205110000 -0.4563180000  0.4388160000  0.3746900000 
-0.1320880000  0.1061570000  0.3202980000 -0.2078830000  0.1193800000  0.2517620000 -0.2836790000  0.1326020000  0.1832260000 -0.3594740000  0.1458250000  0.1146900000 -0.2927680000 -0.1188800000  0.3318680000 -0.3821760000 -0.1043800000  0.2827480000 -0.4715850000 -0.0898800000  0.2336290000 -0.5703030000  0.0733350000  0.5205110000 -0.6651980000  0.1042170000  0.4948510000 -0.4563180000  0.4388160000  0.3746900000 
 0.1644060000 -0.0807910000 -0.0146710000  0.2192890000 -0.0063690000 -0.0609160000  0.2741710000  0.0680520000 -0.1071620000  0.3290540000  0.1424740000 -0.1534070000  0.6541810000 -0.3201350000 -0.0023300000  0.6025490000 -0.2484760000 -0.0560730000  0.5509170000 -0.1768160000 -0.1098170000  0.8638540000 -0.0082410000 -0.0886460000  0.7679140000 -0.0447580000 -0.0763380000  0.6903820000  0.3458470000 -0.0277270000 
 0.1644060000 -0.0807910000 -0.0146710000  0.6577070000 -0.3177070000  0.0229990000  0.8950010000 -0.0014950000 -0.0483480000 0.7371070000 0.3559640000 0.0327170000  0.2219990000 -0.0056830000  0.0267340000  0.6155330000 -0.2289000000  0.0547360000  0.8446940000 -0.0273890000  0.0380880000 0.2795910000 0.0694260000 0.0681380000  0.5733610000 -0.1400930000  0.0864720000 0.3371840000 0.1445340000 0.1095430000 
 0.3290540000  0.1424740000 -0.1534070000  0.3317640000  0.1431610000 -0.0657570000 0.3344740000 0.1438470000 0.0218930000 0.3371840000 0.1445340000 0.1095430000  0.5544430000 -0.1743880000 -0.0844880000  0.5639020000 -0.1572410000  0.0009920000  0.5733610000 -0.1400930000  0.0864720000  0.7990610000 -0.0380110000 -0.0360410000  0.8446940000 -0.0273890000  0.0380880000 0.7371070000 0.3559640000 0.0327170000 
 0.6903820000  0.3458470000 -0.0277270000  0.7679140000 -0.0447580000 -0.0763380000  0.5509170000 -0.1768160000 -0.1098170000  0.3290540000  0.1424740000 -0.1534070000  0.7059570000  0.3492190000 -0.0075790000  0.7834870000 -0.0413850000 -0.0561900000  0.5544430000 -0.1743880000 -0.0844880000 0.7215320000 0.3525920000 0.0125690000  0.7990610000 -0.0380110000 -0.0360410000 0.7371070000 0.3559640000 0.0327170000 
 0.7555450000  0.4029980000 -0.0349830000  0.7338260000  0.3839450000 -0.0325650000  0.7121010000  0.3648990000 -0.0301440000  0.6903820000  0.3458470000 -0.0277270000  0.7494010000  0.3873180000 -0.0124180000  0.7276750000  0.3682710000 -0.0099960000  0.7059570000  0.3492190000 -0.0075790000 0.7432500000 0.3716430000 0.0101520000 0.7215320000 0.3525920000 0.0125690000 0.7371070000 0.3559640000 0.0327170000 
 0.6903820000  0.3458470000 -0.0277270000  0.7121010000  0.3648990000 -0.0301440000  0.7338260000  0.3839450000 -0.0325650000  0.7555450000  0.4029980000 -0.0349830000  0.8638540000 -0.0082410000 -0.0886460000  0.8855740000  0.0108090000 -0.0910640000  0.9072960000  0.0298600000 -0.0934830000  0.6541810000 -0.3201350000 -0.0023300000  0.6764300000 -0.3341480000  0.0098850000  0.1644060000 -0.0807910000 -0.0146710000 
0.7371070000 0.3559640000 0.0327170000  0.8950010000 -0.0014950000 -0.0483480000  0.6577070000 -0.3177070000  0.0229990000  0.1644060000 -0.0807910000 -0.0146710000 0.7432500000 0.3716430000 0.0101520000  0.9011480000  0.0141830000 -0.0709160000  0.6764300000 -0.3341480000  0.0098850000  0.7494010000  0.3873180000 -0.0124180000  0.9072960000  0.0298600000 -0.0934830000  0.7555450000  0.4029980000 -0.0349830000 
 0.1151460000 -0.0808690000 -0.1215410000  0.1109760000 -0.0067570000 -0.1965280000  0.1068070000  0.0673560000 -0.2715160000  0.1026370000  0.1414680000 -0.3465030000  0.4287170000 -0.3052190000 -0.4251270000  0.3436560000 -0.2427970000 -0.4262390000  0.2585950000 -0.1803750000 -0.4273510000  0.4875140000 -0.0293850000 -0.6812070000  0.4380170000 -0.0691360000 -0.5969270000  0.3635920000  0.3134140000 -0.5439550000 
 0.1151460000 -0.0808690000 -0.1215410000  0.4572150000 -0.2935930000 -0.4086040000  0.5547010000 -0.0115940000 -0.6740930000  0.4643720000  0.3401010000 -0.5332850000  0.1864490000 -0.0064210000 -0.1321630000  0.4565450000 -0.1974310000 -0.3699820000  0.5982940000 -0.0184350000 -0.5803260000  0.2577510000  0.0680260000 -0.1427850000  0.4558770000 -0.1012680000 -0.3313610000  0.3290540000  0.1424740000 -0.1534070000 
 0.1026370000  0.1414680000 -0.3465030000  0.1781090000  0.1418030000 -0.2821380000  0.2535820000  0.1421390000 -0.2177720000  0.3290540000  0.1424740000 -0.1534070000  0.2870930000 -0.1687480000 -0.4108270000  0.3714850000 -0.1350080000 -0.3710940000  0.4558770000 -0.1012680000 -0.3313610000  0.5052040000 -0.0513450000 -0.5898140000  0.5982940000 -0.0184350000 -0.5803260000  0.4643720000  0.3401010000 -0.5332850000 
 0.3635920000  0.3134140000 -0.5439550000  0.4380170000 -0.0691360000 -0.5969270000  0.2585950000 -0.1803750000 -0.4273510000  0.1026370000  0.1414680000 -0.3465030000  0.3971850000  0.3223100000 -0.5403980000  0.4716100000 -0.0602410000 -0.5933710000  0.2870930000 -0.1687480000 -0.4108270000  0.4307780000  0.3312050000 -0.5368410000  0.5052040000 -0.0513450000 -0.5898140000  0.4643720000  0.3401010000 -0.5332850000 
 0.4098850000  0.3840030000 -0.6222660000  0.3944530000  0.3604740000 -0.5961620000  0.3790230000  0.3369440000 -0.5700580000  0.3635920000  0.3134140000 -0.5439550000  0.4280470000  0.3693690000 -0.5926050000  0.4126160000  0.3458400000 -0.5665020000  0.3971850000  0.3223100000 -0.5403980000  0.4462100000  0.3547360000 -0.5629450000  0.4307780000  0.3312050000 -0.5368410000  0.4643720000  0.3401010000 -0.5332850000 
 0.3635920000  0.3134140000 -0.5439550000  0.3790230000  0.3369440000 -0.5700580000  0.3944530000  0.3604740000 -0.5961620000  0.4098850000  0.3840030000 -0.6222660000  0.4875140000 -0.0293850000 -0.6812070000  0.5029460000 -0.0058560000 -0.7073100000  0.5183770000  0.0176740000 -0.7334130000  0.4287170000 -0.3052190000 -0.4251270000  0.4623520000 -0.3219900000 -0.4329160000  0.1151460000 -0.0808690000 -0.1215410000 
 0.4643720000  0.3401010000 -0.5332850000  0.5547010000 -0.0115940000 -0.6740930000  0.4572150000 -0.2935930000 -0.4086040000  0.1151460000 -0.0808690000 -0.1215410000  0.4462100000  0.3547360000 -0.5629450000  0.5365390000  0.0030400000 -0.7037540000  0.4623520000 -0.3219900000 -0.4329160000  0.4280470000  0.3693690000 -0.5926050000  0.5183770000  0.0176740000 -0.7334130000  0.4098850000  0.3840030000 -0.6222660000 
 0.0122030000 -0.0818420000 -0.1673380000 -0.0425060000 -0.0132290000 -0.2215180000 -0.0972160000  0.0553850000 -0.2756970000 -0.1519250000  0.1239980000 -0.3298770000 -0.0593060000 -0.2179840000 -0.6637080000 -0.0993580000 -0.1367270000 -0.6144160000 -0.1394100000 -0.0554710000 -0.5651250000 -0.0550160000  0.0106820000 -0.9030070000 -0.0362920000 -0.0118230000 -0.8041180000  0.0053060000  0.4514890000 -0.8742270000 
 0.0122030000 -0.0818420000 -0.1673380000 -0.0093170000 -0.2198720000 -0.6699510000  0.0232300000  0.0164440000 -0.9663320000  0.1136750000  0.3957800000 -0.8417020000  0.0423480000 -0.0074050000 -0.2270600000  0.0348800000 -0.1377870000 -0.6335520000  0.1098610000  0.0021860000 -0.9182900000  0.0724920000  0.0670310000 -0.2867810000  0.0790770000 -0.0557030000 -0.5971520000  0.1026370000  0.1414680000 -0.3465030000 
-0.1519250000  0.1239980000 -0.3298770000 -0.0670710000  0.1298210000 -0.3354190000  0.0177830000  0.1356450000 -0.3409610000  0.1026370000  0.1414680000 -0.3465030000 -0.0894210000 -0.0573610000 -0.5713680000 -0.0051720000 -0.0565320000 -0.5842600000  0.0790770000 -0.0557030000 -0.5971520000  0.0419540000 -0.0060610000 -0.8674420000  0.1098610000  0.0021860000 -0.9182900000  0.1136750000  0.3957800000 -0.8417020000 
 0.0053060000  0.4514890000 -0.8742270000 -0.0362920000 -0.0118230000 -0.8041180000 -0.1394100000 -0.0554710000 -0.5651250000 -0.1519250000  0.1239980000 -0.3298770000  0.0414320000  0.4329240000 -0.8633810000  0.0028310000 -0.0089420000 -0.8357800000 -0.0894210000 -0.0573610000 -0.5713680000  0.0775530000  0.4143520000 -0.8525410000  0.0419540000 -0.0060610000 -0.8674420000  0.1136750000  0.3957800000 -0.8417020000 
-0.0036940000  0.3871390000 -0.7467130000 -0.0006920000  0.4085910000 -0.7892160000  0.0023090000  0.4300430000 -0.8317180000  0.0053060000  0.4514890000 -0.8742270000  0.0354290000  0.3900190000 -0.7783760000  0.0384300000  0.4114720000 -0.8208790000  0.0414320000  0.4329240000 -0.8633810000  0.0745520000  0.3928990000 -0.8100390000  0.0775530000  0.4143520000 -0.8525410000  0.1136750000  0.3957800000 -0.8417020000 
 0.0053060000  0.4514890000 -0.8742270000  0.0023090000  0.4300430000 -0.8317180000 -0.0006920000  0.4085910000 -0.7892160000 -0.0036940000  0.3871390000 -0.7467130000 -0.0550160000  0.0106820000 -0.9030070000 -0.0520150000  0.0321330000 -0.9455110000 -0.0490150000  0.0535840000 -0.9880140000 -0.0593060000 -0.2179840000 -0.6637080000 -0.0336530000 -0.2434140000 -0.6948670000  0.0122030000 -0.0818420000 -0.1673380000 
 0.1136750000  0.3957800000 -0.8417020000  0.0232300000  0.0164440000 -0.9663320000 -0.0093170000 -0.2198720000 -0.6699510000  0.0122030000 -0.0818420000 -0.1673380000  0.0745520000  0.3928990000 -0.8100390000 -0.0128920000  0.0350140000 -0.9771730000 -0.0336530000 -0.2434140000 -0.6948670000  0.0354290000  0.3900190000 -0.7783760000 -0.0490150000  0.0535840000 -0.9880140000 -0.0036940000  0.3871390000 -0.7467130000 
-0.1080210000 -0.0822030000 -0.1144160000 -0.1862140000 -0.0015650000 -0.1238700000 -0.2644060000  0.0790730000 -0.1333250000 -0.3425990000  0.1597110000 -0.1427790000 -0.4196750000 -0.2722210000 -0.4207740000 -0.4089130000 -0.1872820000 -0.3474580000 -0.3981510000 -0.1023410000 -0.2741420000 -0.6852010000  0.0704820000 -0.5497880000 -0.6036670000  0.0336680000 -0.4812100000 -0.5209010000  0.4262270000 -0.4431040000 
-0.1080210000 -0.0822030000 -0.1144160000 -0.3970340000 -0.2735750000 -0.4554480000 -0.6709070000  0.0830010000 -0.6304460000 -0.4994610000  0.4450050000 -0.5640910000 -0.1226560000 -0.0134690000 -0.1862360000 -0.3420010000 -0.1896440000 -0.4602980000 -0.5735350000  0.0656200000 -0.6481370000 -0.1372900000  0.0552640000 -0.2580570000 -0.2869680000 -0.1057110000 -0.4651480000 -0.1519250000  0.1239980000 -0.3298770000 
-0.3425990000  0.1597110000 -0.1427790000 -0.2790410000  0.1478070000 -0.2051450000 -0.2154830000  0.1359020000 -0.2675110000 -0.1519250000  0.1239980000 -0.3298770000 -0.3755100000 -0.1036940000 -0.3088160000 -0.3312390000 -0.1047030000 -0.3869820000 -0.2869680000 -0.1057110000 -0.4651480000 -0.5893740000  0.0461860000 -0.5618680000 -0.5735350000  0.0656200000 -0.6481370000 -0.4994610000  0.4450050000 -0.5640910000 
-0.5209010000  0.4262270000 -0.4431040000 -0.6036670000  0.0336680000 -0.4812100000 -0.3981510000 -0.1023410000 -0.2741420000 -0.3425990000  0.1597110000 -0.1427790000 -0.5137550000  0.4324860000 -0.4834330000 -0.5965200000  0.0399270000 -0.5215390000 -0.3755100000 -0.1036940000 -0.3088160000 -0.5066080000  0.4387460000 -0.5237620000 -0.5893740000  0.0461860000 -0.5618680000 -0.4994610000  0.4450050000 -0.5640910000 
-0.5778230000  0.4926100000 -0.5059700000 -0.5588490000  0.4704820000 -0.4850140000 -0.5398750000  0.4483540000 -0.4640590000 -0.5209010000  0.4262270000 -0.4431040000 -0.5517030000  0.4767410000 -0.5253430000 -0.5327290000  0.4546130000 -0.5043880000 -0.5137550000  0.4324860000 -0.4834330000 -0.5255820000  0.4608730000 -0.5447170000 -0.5066080000  0.4387460000 -0.5237620000 -0.4994610000  0.4450050000 -0.5640910000 
-0.5209010000  0.4262270000 -0.4431040000 -0.5398750000  0.4483540000 -0.4640590000 -0.5588490000  0.4704820000 -0.4850140000 -0.5778230000  0.4926100000 -0.5059700000 -0.6852010000  0.0704820000 -0.5497880000 -0.7041750000  0.0926100000 -0.5707430000 -0.7231490000  0.1147370000 -0.5916980000 -0.4196750000 -0.2722210000 -0.4207740000 -0.4288440000 -0.2901060000 -0.4505200000 -0.1080210000 -0.0822030000 -0.1144160000 
-0.4994610000  0.4450050000 -0.5640910000 -0.6709070000  0.0830010000 -0.6304460000 -0.3970340000 -0.2735750000 -0.4554480000 -0.1080210000 -0.0822030000 -0.1144160000 -0.5255820000  0.4608730000 -0.5447170000 -0.6970280000  0.0988700000 -0.6110730000 -0.4288440000 -0.2901060000 -0.4505200000 -0.5517030000  0.4767410000 -0.5253430000 -0.7231490000  0.1147370000 -0.5916980000 -0.5778230000  0.4926100000 -0.5059700000 
-0.1652680000 -0.0809890000 -0.0046950000 -0.2300030000 -0.0053840000  0.0351000000 -0.2947390000  0.0702200000  0.0748950000 -0.3594740000  0.1458250000  0.1146900000 -0.6851810000 -0.1531140000  0.0679190000 -0.5981930000 -0.0909380000  0.0755200000 -0.5112060000 -0.0287640000  0.0831220000 -0.8398200000  0.1239870000  0.0910710000 -0.7565120000  0.0697930000  0.0509080000 -0.5824170000  0.4252170000  0.0159480000 
-0.1652680000 -0.0809890000 -0.0046950000 -0.6968060000 -0.1530420000  0.0359720000 -0.8807990000  0.1443740000  0.0407900000 -0.6438830000  0.4557970000 -0.0594730000 -0.2243780000 -0.0007560000 -0.0507230000 -0.6361170000 -0.0992580000 -0.0380150000 -0.8553100000  0.1096400000 -0.0601740000 -0.2834890000  0.0794780000 -0.0967510000 -0.5754270000 -0.0454740000 -0.1120020000 -0.3425990000  0.1597110000 -0.1427790000 
-0.3594740000  0.1458250000  0.1146900000 -0.3538490000  0.1504540000  0.0288670000 -0.3482240000  0.1550820000 -0.0569560000 -0.3425990000  0.1597110000 -0.1427790000 -0.5228300000 -0.0286930000  0.0511750000 -0.5491280000 -0.0370830000 -0.0304140000 -0.5754270000 -0.0454740000 -0.1120020000 -0.7974900000  0.0901800000  0.0006270000 -0.8553100000  0.1096400000 -0.0601740000 -0.6438830000  0.4557970000 -0.0594730000 
-0.5824170000  0.4252170000  0.0159480000 -0.7565120000  0.0697930000  0.0509080000 -0.5112060000 -0.0287640000  0.0831220000 -0.3594740000  0.1458250000  0.1146900000 -0.6029080000  0.4354090000 -0.0091910000 -0.7770000000  0.0799870000  0.0257670000 -0.5228300000 -0.0286930000  0.0511750000 -0.6233990000  0.4456010000 -0.0343290000 -0.7974900000  0.0901800000  0.0006270000 -0.6438830000  0.4557970000 -0.0594730000 
-0.6357960000  0.5011850000  0.0196400000 -0.6180000000  0.4758640000  0.0184080000 -0.6002130000  0.4505380000  0.0171810000 -0.5824170000  0.4252170000  0.0159480000 -0.6384910000  0.4860560000 -0.0067310000 -0.6206960000  0.4607340000 -0.0079630000 -0.6029080000  0.4354090000 -0.0091910000 -0.6411870000  0.4709260000 -0.0331020000 -0.6233990000  0.4456010000 -0.0343290000 -0.6438830000  0.4557970000 -0.0594730000 
-0.5824170000  0.4252170000  0.0159480000 -0.6002130000  0.4505380000  0.0171810000 -0.6180000000  0.4758640000  0.0184080000 -0.6357960000  0.5011850000  0.0196400000 -0.8398200000  0.1239870000  0.0910710000 -0.8576120000  0.1493110000  0.0923000000 -0.8754030000  0.1746340000  0.0935300000 -0.6851810000 -0.1531140000  0.0679190000 -0.7148780000 -0.1573270000  0.0601930000 -0.1652680000 -0.0809890000 -0.0046950000 
-0.6438830000  0.4557970000 -0.0594730000 -0.8807990000  0.1443740000  0.0407900000 -0.6968060000 -0.1530420000  0.0359720000 -0.1652680000 -0.0809890000 -0.0046950000 -0.6411870000  0.4709260000 -0.0331020000 -0.8781010000  0.1595030000  0.0671610000 -0.7148780000 -0.1573270000  0.0601930000 -0.6384910000  0.4860560000 -0.0067310000 -0.8754030000  0.1746340000  0.0935300000 -0.6357960000  0.5011850000  0.0196400000 
-0.3594740000  0.1458250000  0.1146900000 -0.2947390000  0.0702200000  0.0748950000 -0.2300030000 -0.0053840000  0.0351000000 -0.1652680000 -0.0809890000 -0.0046950000 -0.2800570000  0.0693420000  0.1179820000 -0.2153220000 -0.0062630000  0.0781870000 -0.1505860000 -0.0818680000  0.0383920000 -0.2006400000 -0.0071420000  0.1212750000 -0.1359050000 -0.0827460000  0.0814800000 -0.1212230000 -0.0836250000  0.1245670000 
-0.1320880000  0.1061570000  0.3202980000 -0.1284660000  0.0428960000  0.2550540000 -0.1248450000 -0.0203640000  0.1898110000 -0.1212230000 -0.0836250000  0.1245670000 -0.0922830000  0.0435400000  0.2666930000 -0.0886610000 -0.0197200000  0.2014490000 -0.0850400000 -0.0829810000  0.1362060000 -0.0524780000 -0.0190760000  0.2130880000 -0.0488560000 -0.0823370000  0.1478440000 -0.0126730000 -0.0816930000  0.1594830000 
0.1335530000 0.1166430000 0.3289490000 0.0848110000 0.0505310000 0.2724600000  0.0360690000 -0.0155810000  0.2159720000 -0.0126730000 -0.0816930000  0.1594830000 0.1265930000 0.0507180000 0.2580690000  0.0778510000 -0.0153940000  0.2015810000  0.0291090000 -0.0815060000  0.1450920000  0.1196330000 -0.0152070000  0.1871900000  0.0708910000 -0.0813190000  0.1307010000  0.1126730000 -0.0811320000  0.1163100000 
0.3371840000 0.1445340000 0.1095430000 0.2623470000 0.0693120000 0.1117990000  0.1875100000 -0.0059100000  0.1140540000  0.1126730000 -0.0811320000  0.1163100000 0.2795910000 0.0694260000 0.0681380000  0.2047540000 -0.0057960000  0.0703940000  0.1299170000 -0.0810180000  0.0726500000  0.2219990000 -0.0056830000  0.0267340000  0.1471620000 -0.0809050000  0.0289890000  0.1644060000 -0.0807910000 -0.0146710000 
 0.3290540000  0.1424740000 -0.1534070000  0.2741710000  0.0680520000 -0.1071620000  0.2192890000 -0.0063690000 -0.0609160000  0.1644060000 -0.0807910000 -0.0146710000  0.2577510000  0.0680260000 -0.1427850000  0.2028690000 -0.0063950000 -0.0965400000  0.1479860000 -0.0808170000 -0.0502940000  0.1864490000 -0.0064210000 -0.1321630000  0.1315660000 -0.0808430000 -0.0859180000  0.1151460000 -0.0808690000 -0.1215410000 
 0.1026370000  0.1414680000 -0.3465030000  0.1068070000  0.0673560000 -0.2715160000  0.1109760000 -0.0067570000 -0.1965280000  0.1151460000 -0.0808690000 -0.1215410000  0.0724920000  0.0670310000 -0.2867810000  0.0766620000 -0.0070810000 -0.2117940000  0.0808320000 -0.0811930000 -0.1368070000  0.0423480000 -0.0074050000 -0.2270600000  0.0465170000 -0.0815180000 -0.1520720000  0.0122030000 -0.0818420000 -0.1673380000 
-0.1519250000  0.1239980000 -0.3298770000 -0.0972160000  0.0553850000 -0.2756970000 -0.0425060000 -0.0132290000 -0.2215180000  0.0122030000 -0.0818420000 -0.1673380000 -0.1372900000  0.0552640000 -0.2580570000 -0.0825810000 -0.0133490000 -0.2038770000 -0.0278720000 -0.0819620000 -0.1496970000 -0.1226560000 -0.0134690000 -0.1862360000 -0.0679460000 -0.0820830000 -0.1320570000 -0.1080210000 -0.0822030000 -0.1144160000 
-0.3425990000  0.1597110000 -0.1427790000 -0.2644060000  0.0790730000 -0.1333250000 -0.1862140000 -0.0015650000 -0.1238700000 -0.1080210000 -0.0822030000 -0.1144160000 -0.2834890000  0.0794780000 -0.0967510000 -0.2052960000 -0.0011600000 -0.0872970000 -0.1271030000 -0.0817980000 -0.0778420000 -0.2243780000 -0.0007560000 -0.0507230000 -0.1461860000 -0.0813940000 -0.0412690000 -0.1652680000 -0.0809890000 -0.0046950000 
-0.0000100000 -0.0811200000 -0.0023670000 -0.0042310000 -0.0813110000  0.0515830000 -0.0084520000 -0.0815020000  0.1055330000 -0.0126730000 -0.0816930000  0.1594830000 -0.0404140000 -0.0819550000  0.0399440000 -0.0446350000 -0.0821460000  0.0938940000 -0.0488560000 -0.0823370000  0.1478440000 -0.0808190000 -0.0827900000  0.0822560000 -0.0850400000 -0.0829810000  0.1362060000 -0.1212230000 -0.0836250000  0.1245670000 
-0.0126730000 -0.0816930000  0.1594830000 -0.0084520000 -0.0815020000  0.1055330000 -0.0042310000 -0.0813110000  0.0515830000 -0.0000100000 -0.0811200000 -0.0023670000  0.0291090000 -0.0815060000  0.1450920000  0.0333300000 -0.0813150000  0.0911420000  0.0375510000 -0.0811240000  0.0371920000  0.0708910000 -0.0813190000  0.1307010000  0.0751120000 -0.0811280000  0.0767510000  0.1126730000 -0.0811320000  0.1163100000 
 0.1644060000 -0.0807910000 -0.0146710000  0.1471620000 -0.0809050000  0.0289890000  0.1299170000 -0.0810180000  0.0726500000  0.1126730000 -0.0811320000  0.1163100000  0.1096010000 -0.0809010000 -0.0105700000  0.0923560000 -0.0810140000  0.0330910000  0.0751120000 -0.0811280000  0.0767510000  0.0547950000 -0.0810100000 -0.0064680000  0.0375510000 -0.0811240000  0.0371920000 -0.0000100000 -0.0811200000 -0.0023670000 
 0.1644060000 -0.0807910000 -0.0146710000  0.1096010000 -0.0809010000 -0.0105700000  0.0547950000 -0.0810100000 -0.0064680000 -0.0000100000 -0.0811200000 -0.0023670000  0.1479860000 -0.0808170000 -0.0502940000  0.0931810000 -0.0809270000 -0.0461930000  0.0383750000 -0.0810360000 -0.0420920000  0.1315660000 -0.0808430000 -0.0859180000  0.0767610000 -0.0809530000 -0.0818160000  0.1151460000 -0.0808690000 -0.1215410000 
 0.1151460000 -0.0808690000 -0.1215410000  0.0767610000 -0.0809530000 -0.0818160000  0.0383750000 -0.0810360000 -0.0420920000 -0.0000100000 -0.0811200000 -0.0023670000  0.0808320000 -0.0811930000 -0.1368070000  0.0424460000 -0.0812770000 -0.0970820000  0.0040610000 -0.0813610000 -0.0573570000  0.0465170000 -0.0815180000 -0.1520720000  0.0081320000 -0.0816010000 -0.1123480000  0.0122030000 -0.0818420000 -0.1673380000 
 0.0122030000 -0.0818420000 -0.1673380000  0.0081320000 -0.0816010000 -0.1123480000  0.0040610000 -0.0813610000 -0.0573570000 -0.0000100000 -0.0811200000 -0.0023670000 -0.0278720000 -0.0819620000 -0.1496970000 -0.0319430000 -0.0817220000 -0.0947070000 -0.0360140000 -0.0814810000 -0.0397170000 -0.0679460000 -0.0820830000 -0.1320570000 -0.0720170000 -0.0818420000 -0.0770660000 -0.1080210000 -0.0822030000 -0.1144160000 
-0.1080210000 -0.0822030000 -0.1144160000 -0.0720170000 -0.0818420000 -0.0770660000 -0.0360140000 -0.0814810000 -0.0397170000 -0.0000100000 -0.0811200000 -0.0023670000 -0.1271030000 -0.0817980000 -0.0778420000 -0.0911000000 -0.0814370000 -0.0404930000 -0.0550960000 -0.0810760000 -0.0031430000 -0.1461860000 -0.0813940000 -0.0412690000 -0.1101820000 -0.0810330000 -0.0039190000 -0.1652680000 -0.0809890000 -0.0046950000 
-0.1212230000 -0.0836250000  0.1245670000 -0.1359050000 -0.0827460000  0.0814800000 -0.1505860000 -0.0818680000  0.0383920000 -0.1652680000 -0.0809890000 -0.0046950000 -0.0808190000 -0.0827900000  0.0822560000 -0.0955000000 -0.0819110000  0.0391680000 -0.1101820000 -0.0810330000 -0.0039190000 -0.0404140000 -0.0819550000  0.0399440000 -0.0550960000 -0.0810760000 -0.0031430000 -0.0000100000 -0.0811200000 -0.0023670000 
0.0094860000 0.4098950000 0.1752630000 0.0508420000 0.3121440000 0.2264920000 0.0921970000 0.2143940000 0.2777200000 0.1335530000 0.1166430000 0.3289490000 0.1187190000 0.3214410000 0.1533560000 0.1600740000 0.2236910000 0.2045850000 0.2014300000 0.1259400000 0.2558140000 0.2279510000 0.2329880000 0.1314500000 0.2693070000 0.1352370000 0.1826780000 0.3371840000 0.1445340000 0.1095430000 
0.1335530000 0.1166430000 0.3289490000 0.0921970000 0.2143940000 0.2777200000 0.0508420000 0.3121440000 0.2264920000 0.0094860000 0.4098950000 0.1752630000 0.0450060000 0.1131480000 0.3260650000 0.0036500000 0.2108980000 0.2748370000 -0.0377050000  0.3086490000  0.2236080000 -0.0435410000  0.1096520000  0.3231820000 -0.0848970000  0.2074030000  0.2719530000 -0.1320880000  0.1061570000  0.3202980000 
-0.3594740000  0.1458250000  0.1146900000 -0.2836790000  0.1326020000  0.1832260000 -0.2078830000  0.1193800000  0.2517620000 -0.1320880000  0.1061570000  0.3202980000 -0.2364870000  0.2338480000  0.1348810000 -0.1606920000  0.2206260000  0.2034170000 -0.0848970000  0.2074030000  0.2719530000 -0.1135010000  0.3218720000  0.1550720000 -0.0377050000  0.3086490000  0.2236080000 0.0094860000 0.4098950000 0.1752630000 
0.0094860000 0.4098950000 0.1752630000 -0.0798280000  0.4050880000  0.1261770000 -0.1691430000  0.4002810000  0.0770900000 -0.2584570000  0.3954740000  0.0280040000 -0.1135010000  0.3218720000  0.1550720000 -0.2028150000  0.3170650000  0.1059860000 -0.2921290000  0.3122580000  0.0568990000 -0.2364870000  0.2338480000  0.1348810000 -0.3258020000  0.2290410000  0.0857950000 -0.3594740000  0.1458250000  0.1146900000 
-0.3594740000  0.1458250000  0.1146900000 -0.3258020000  0.2290410000  0.0857950000 -0.2921290000  0.3122580000  0.0568990000 -0.2584570000  0.3954740000  0.0280040000 -0.3538490000  0.1504540000  0.0288670000 -0.3201770000  0.2336700000 -0.0000280000 -0.2865040000  0.3168860000 -0.0289240000 -0.3482240000  0.1550820000 -0.0569560000 -0.3145520000  0.2382990000 -0.0858510000 -0.3425990000  0.1597110000 -0.1427790000 
-0.3425990000  0.1597110000 -0.1427790000 -0.3145520000  0.2382990000 -0.0858510000 -0.2865040000  0.3168860000 -0.0289240000 -0.2584570000  0.3954740000  0.0280040000 -0.2790410000  0.1478070000 -0.2051450000 -0.2509940000  0.2263940000 -0.1482170000 -0.2229460000  0.3049820000 -0.0912900000 -0.2154830000  0.1359020000 -0.2675110000 -0.1874360000  0.2144900000 -0.2105830000 -0.1519250000  0.1239980000 -0.3298770000 
0.3371840000 0.1445340000 0.1095430000 0.3062140000 0.2310800000 0.0663210000 0.2752430000 0.3176270000 0.0230980000  0.2442730000  0.4041730000 -0.0201240000 0.2279510000 0.2329880000 0.1314500000 0.1969810000 0.3195340000 0.0882270000 0.1660110000 0.4060800000 0.0450050000 0.1187190000 0.3214410000 0.1533560000 0.0877480000 0.4079880000 0.1101340000 0.0094860000 0.4098950000 0.1752630000 
0.3371840000 0.1445340000 0.1095430000 0.3344740000 0.1438470000 0.0218930000  0.3317640000  0.1431610000 -0.0657570000  0.3290540000  0.1424740000 -0.1534070000 0.3062140000 0.2310800000 0.0663210000  0.3035040000  0.2303940000 -0.0213290000  0.3007940000  0.2297070000 -0.1089790000 0.2752430000 0.3176270000 0.0230980000  0.2725330000  0.3169400000 -0.0645520000  0.2442730000  0.4041730000 -0.0201240000 
 0.1026370000  0.1414680000 -0.3465030000  0.1498490000  0.2290360000 -0.2377100000  0.1970610000  0.3166050000 -0.1289170000  0.2442730000  0.4041730000 -0.0201240000  0.1781090000  0.1418030000 -0.2821380000  0.2253210000  0.2293720000 -0.1733450000  0.2725330000  0.3169400000 -0.0645520000  0.2535820000  0.1421390000 -0.2177720000  0.3007940000  0.2297070000 -0.1089790000  0.3290540000  0.1424740000 -0.1534070000 
-0.1519250000  0.1239980000 -0.3298770000 -0.1023690000  0.1619320000 -0.3505300000 -0.0528120000  0.1998650000 -0.3711840000 -0.0032560000  0.2377990000 -0.3918370000 -0.0670710000  0.1298210000 -0.3354190000 -0.0175150000  0.1677550000 -0.3560720000  0.0320420000  0.2056890000 -0.3767260000  0.0177830000  0.1356450000 -0.3409610000  0.0673390000  0.1735780000 -0.3616140000  0.1026370000  0.1414680000 -0.3465030000 
 0.2442730000  0.4041730000 -0.0201240000  0.1970610000  0.3166050000 -0.1289170000  0.1498490000  0.2290360000 -0.2377100000  0.1026370000  0.1414680000 -0.3465030000  0.1617630000  0.3487150000 -0.1440280000  0.1145510000  0.2611470000 -0.2528210000  0.0673390000  0.1735780000 -0.3616140000  0.0792540000  0.2932570000 -0.2679330000  0.0320420000  0.2056890000 -0.3767260000 -0.0032560000  0.2377990000 -0.3918370000 
-0.1519250000  0.1239980000 -0.3298770000 -0.1874360000  0.2144900000 -0.2105830000 -0.2229460000  0.3049820000 -0.0912900000 -0.2584570000  0.3954740000  0.0280040000 -0.1023690000  0.1619320000 -0.3505300000 -0.1378790000  0.2524240000 -0.2312370000 -0.1733900000  0.3429160000 -0.1119430000 -0.0528120000  0.1998650000 -0.3711840000 -0.0883230000  0.2903570000 -0.2518900000 -0.0032560000  0.2377990000 -0.3918370000 
 0.2442730000  0.4041730000 -0.0201240000  0.1617630000  0.3487150000 -0.1440280000  0.0792540000  0.2932570000 -0.2679330000 -0.0032560000  0.2377990000 -0.3918370000  0.2562260000  0.3951560000 -0.1946980000  0.1737160000  0.3396980000 -0.3186020000  0.0912060000  0.2842400000 -0.4425060000  0.2681780000  0.3861390000 -0.3692710000  0.1856690000  0.3306810000 -0.4931760000  0.2801310000  0.3771220000 -0.5438450000 
-0.0032560000  0.2377990000 -0.3918370000 -0.0883230000  0.2903570000 -0.2518900000 -0.1733900000  0.3429160000 -0.1119430000 -0.2584570000  0.3954740000  0.0280040000 -0.0983040000  0.2790890000 -0.4435030000 -0.1833710000  0.3316470000 -0.3035560000 -0.2684380000  0.3842060000 -0.1636090000 -0.1933530000  0.3203790000 -0.4951700000 -0.2784200000  0.3729370000 -0.3552230000 -0.2884010000  0.3616690000 -0.5468360000 
-0.0032560000  0.2377990000 -0.3918370000 -0.0034220000  0.2785640000 -0.5097560000 -0.0035870000  0.3193280000 -0.6276740000 -0.0037530000  0.3600930000 -0.7455930000  0.0912060000  0.2842400000 -0.4425060000  0.0910410000  0.3250050000 -0.5604250000  0.0908750000  0.3657690000 -0.6783440000  0.1856690000  0.3306810000 -0.4931760000  0.1855030000  0.3714460000 -0.6110940000  0.2801310000  0.3771220000 -0.5438450000 
-0.0032560000  0.2377990000 -0.3918370000 -0.0983040000  0.2790890000 -0.4435030000 -0.1933530000  0.3203790000 -0.4951700000 -0.2884010000  0.3616690000 -0.5468360000 -0.0034220000  0.2785640000 -0.5097560000 -0.0984700000  0.3198540000 -0.5614220000 -0.1935180000  0.3611440000 -0.6130880000 -0.0035870000  0.3193280000 -0.6276740000 -0.0986360000  0.3606180000 -0.6793410000 -0.0037530000  0.3600930000 -0.7455930000 
 0.2801310000  0.3771220000 -0.5438450000  0.2482570000  0.4669430000 -0.3465870000  0.2163840000  0.5567640000 -0.1493300000 0.1845100000 0.6465850000 0.0479280000  0.2681780000  0.3861390000 -0.3692710000  0.2363050000  0.4759600000 -0.1720140000 0.2044310000 0.5657810000 0.0252440000  0.2562260000  0.3951560000 -0.1946980000 0.2243520000 0.4849770000 0.0025600000  0.2442730000  0.4041730000 -0.0201240000 
 0.2442730000  0.4041730000 -0.0201240000 0.2243520000 0.4849770000 0.0025600000 0.2044310000 0.5657810000 0.0252440000 0.1845100000 0.6465850000 0.0479280000 0.1660110000 0.4060800000 0.0450050000 0.1460900000 0.4868840000 0.0676890000 0.1261690000 0.5676880000 0.0903730000 0.0877480000 0.4079880000 0.1101340000 0.0678270000 0.4887920000 0.1328180000 0.0094860000 0.4098950000 0.1752630000 
0.0094860000 0.4098950000 0.1752630000 -0.0509360000  0.4900140000  0.1367090000 -0.1113590000  0.5701330000  0.0981550000 -0.1717810000  0.6502520000  0.0596010000 -0.0798280000  0.4050880000  0.1261770000 -0.1402510000  0.4852070000  0.0876230000 -0.2006730000  0.5653260000  0.0490690000 -0.1691430000  0.4002810000  0.0770900000 -0.2295650000  0.4804000000  0.0385360000 -0.2584570000  0.3954740000  0.0280040000 
-0.2884010000  0.3616690000 -0.5468360000 -0.2784200000  0.3729370000 -0.3552230000 -0.2684380000  0.3842060000 -0.1636090000 -0.2584570000  0.3954740000  0.0280040000 -0.2495280000  0.4578630000 -0.3446900000 -0.2395460000  0.4691320000 -0.1530770000 -0.2295650000  0.4804000000  0.0385360000 -0.2106540000  0.5540580000 -0.1425450000 -0.2006730000  0.5653260000  0.0490690000 -0.1717810000  0.6502520000  0.0596010000 
0.0094860000 0.4098950000 0.1752630000 0.0678270000 0.4887920000 0.1328180000 0.1261690000 0.5676880000 0.0903730000 0.1845100000 0.6465850000 0.0479280000 -0.0509360000  0.4900140000  0.1367090000 0.0074050000 0.5689110000 0.0942640000 0.0657460000 0.6478070000 0.0518190000 -0.1113590000  0.5701330000  0.0981550000 -0.0530170000  0.6490300000  0.0557100000 -0.1717810000  0.6502520000  0.0596010000 
0.1845100000 0.6465850000 0.0479280000  0.1252380000  0.6639380000 -0.1979310000  0.0659650000  0.6812910000 -0.4437900000  0.0066930000  0.6986440000 -0.6896490000 0.0657460000 0.6478070000 0.0518190000  0.0064740000  0.6651600000 -0.1940400000 -0.0527980000  0.6825130000 -0.4398990000 -0.0530170000  0.6490300000  0.0557100000 -0.1122900000  0.6663830000 -0.1901490000 -0.1717810000  0.6502520000  0.0596010000 
0.1845100000 0.6465850000 0.0479280000  0.2098690000  0.6379950000 -0.1738890000  0.2352290000  0.6294050000 -0.3957050000  0.2605880000  0.6208150000 -0.6175220000  0.1252380000  0.6639380000 -0.1979310000  0.1505970000  0.6553480000 -0.4197480000  0.1759560000  0.6467580000 -0.6415640000  0.0659650000  0.6812910000 -0.4437900000  0.0913250000  0.6727010000 -0.6656070000  0.0066930000  0.6986440000 -0.6896490000 
0.1845100000 0.6465850000 0.0479280000  0.2163840000  0.5567640000 -0.1493300000  0.2482570000  0.4669430000 -0.3465870000  0.2801310000  0.3771220000 -0.5438450000  0.2098690000  0.6379950000 -0.1738890000  0.2417430000  0.5481740000 -0.3711460000  0.2736170000  0.4583530000 -0.5684040000  0.2352290000  0.6294050000 -0.3957050000  0.2671020000  0.5395840000 -0.5929630000  0.2605880000  0.6208150000 -0.6175220000 
 0.2801310000  0.3771220000 -0.5438450000  0.1855030000  0.3714460000 -0.6110940000  0.0908750000  0.3657690000 -0.6783440000 -0.0037530000  0.3600930000 -0.7455930000  0.2736170000  0.4583530000 -0.5684040000  0.1789890000  0.4526770000 -0.6356530000  0.0843610000  0.4470000000 -0.7029030000  0.2671020000  0.5395840000 -0.5929630000  0.1724740000  0.5339080000 -0.6602120000  0.2605880000  0.6208150000 -0.6175220000 
-0.1717810000  0.6502520000  0.0596010000 -0.1122900000  0.6663830000 -0.1901490000 -0.0527980000  0.6825130000 -0.4398990000  0.0066930000  0.6986440000 -0.6896490000 -0.1924650000  0.6383220000 -0.1704220000 -0.1329730000  0.6544530000 -0.4201720000 -0.0734820000  0.6705830000 -0.6699220000 -0.2131480000  0.6263920000 -0.4004460000 -0.1536570000  0.6425230000 -0.6501960000 -0.2338320000  0.6144620000 -0.6304690000 
-0.1717810000  0.6502520000  0.0596010000 -0.1924650000  0.6383220000 -0.1704220000 -0.2131480000  0.6263920000 -0.4004460000 -0.2338320000  0.6144620000 -0.6304690000 -0.2106540000  0.5540580000 -0.1425450000 -0.2313380000  0.5421280000 -0.3725680000 -0.2520220000  0.5301980000 -0.6025910000 -0.2495280000  0.4578630000 -0.3446900000 -0.2702110000  0.4459330000 -0.5747140000 -0.2884010000  0.3616690000 -0.5468360000 
-0.0037530000  0.3600930000 -0.7455930000 -0.0986360000  0.3606180000 -0.6793410000 -0.1935180000  0.3611440000 -0.6130880000 -0.2884010000  0.3616690000 -0.5468360000 -0.0804460000  0.4448830000 -0.7072180000 -0.1753290000  0.4454080000 -0.6409660000 -0.2702110000  0.4459330000 -0.5747140000 -0.1571390000  0.5296720000 -0.6688440000 -0.2520220000  0.5301980000 -0.6025910000 -0.2338320000  0.6144620000 -0.6304690000 
 0.2605880000  0.6208150000 -0.6175220000  0.1724740000  0.5339080000 -0.6602120000  0.0843610000  0.4470000000 -0.7029030000 -0.0037530000  0.3600930000 -0.7455930000  0.1759560000  0.6467580000 -0.6415640000  0.0878430000  0.5598510000 -0.6842550000 -0.0002710000  0.4729430000 -0.7269450000  0.0913250000  0.6727010000 -0.6656070000  0.0032110000  0.5857940000 -0.7082970000  0.0066930000  0.6986440000 -0.6896490000 
-0.2338320000  0.6144620000 -0.6304690000 -0.1536570000  0.6425230000 -0.6501960000 -0.0734820000  0.6705830000 -0.6699220000  0.0066930000  0.6986440000 -0.6896490000 -0.1571390000  0.5296720000 -0.6688440000 -0.0769640000  0.5577330000 -0.6885700000  0.0032110000  0.5857940000 -0.7082970000 -0.0804460000  0.4448830000 -0.7072180000 -0.0002710000  0.4729430000 -0.7269450000 -0.0037530000  0.3600930000 -0.7455930000 