 0.1126730000 -0.0811320000  0.1163100000  0.1875100000 -0.0059100000  0.1140543333 0.2623470000 0.0693120000 0.1117986667 0.3371840000 0.1445340000 0.1095430000  0.3750666667 -0.2779773333  0.3486920000  0.4499036667 -0.2027553333  0.3464363333  0.5247406667 -0.1275333333  0.3441806667  0.6374603333 -0.4748226667  0.5810740000  0.7122973333 -0.3996006667  0.5788183333  0.8998540000 -0.6716680000  0.8134560000 
 0.1126730000 -0.0811320000  0.1163100000  0.3482220000 -0.2792160000  0.3733893333  0.5837710000 -0.4773000000  0.6304686667  0.8193200000 -0.6753840000  0.8875480000  0.1196330000 -0.0152070000  0.1871896667  0.3551820000 -0.2132910000  0.4442690000  0.5907310000 -0.4113750000  0.7013483333 0.1265930000 0.0507180000 0.2580693333  0.3621420000 -0.1473660000  0.5151486667 0.1335530000 0.1166430000 0.3289490000 
0.1335530000 0.1166430000 0.3289490000 0.0450060000 0.1131476667 0.3260653333 -0.0435410000  0.1096523333  0.3231816667 -0.1320880000  0.1061570000  0.3202980000  0.0740386667 -0.1384320000  0.6156526667 -0.0145083333 -0.1419273333  0.6127690000 -0.1030553333 -0.1454226667  0.6098853333  0.0145243333 -0.3935070000  0.9023563333 -0.0740226667 -0.3970023333  0.8994726667 -0.0449900000 -0.6485820000  1.1890600000 
-0.0126730000 -0.0816930000  0.1594830000  0.0360690000 -0.0155810000  0.2159716667 0.0848110000 0.0505310000 0.2724603333 0.1335530000 0.1166430000 0.3289490000  0.0088696667 -0.2732146667  0.5001806667  0.0576116667 -0.2071026667  0.5566693333  0.1063536667 -0.1409906667  0.6131580000  0.0304123333 -0.4647363333  0.8408783333  0.0791543333 -0.3986243333  0.8973670000  0.0519550000 -0.6562580000  1.1815760000 
-0.0194090000 -0.7369780000  1.1651820000  0.0043790000 -0.7100713333  1.1706466667  0.0281670000 -0.6831646667  1.1761113333  0.0519550000 -0.6562580000  1.1815760000 -0.0279360000 -0.7075126667  1.1731413333 -0.0041480000 -0.6806060000  1.1786060000  0.0196400000 -0.6536993333  1.1840706667 -0.0364630000 -0.6780473333  1.1811006667 -0.0126750000 -0.6511406667  1.1865653333 -0.0449900000 -0.6485820000  1.1890600000 
-0.0126730000 -0.0816930000  0.1594830000 -0.0234453333 -0.2706560000  0.5026753333 -0.0342176667 -0.4596190000  0.8458676667 -0.0449900000 -0.6485820000  1.1890600000 -0.0524780000 -0.0190763333  0.2130880000 -0.0632503333 -0.2080393333  0.5562803333 -0.0740226667 -0.3970023333  0.8994726667 -0.0922830000  0.0435403333  0.2666930000 -0.1030553333 -0.1454226667  0.6098853333 -0.1320880000  0.1061570000  0.3202980000 
 0.0519550000 -0.6562580000  1.1815760000  0.0791543333 -0.3986243333  0.8973670000  0.1063536667 -0.1409906667  0.6131580000 0.1335530000 0.1166430000 0.3289490000  0.0196400000 -0.6536993333  1.1840706667  0.0468393333 -0.3960656667  0.8998616667  0.0740386667 -0.1384320000  0.6156526667 -0.0126750000 -0.6511406667  1.1865653333  0.0145243333 -0.3935070000  0.9023563333 -0.0449900000 -0.6485820000  1.1890600000 
 0.0519550000 -0.6562580000  1.1815760000  0.0281670000 -0.6831646667  1.1761113333  0.0043790000 -0.7100713333  1.1706466667 -0.0194090000 -0.7369780000  1.1651820000  0.0304123333 -0.4647363333  0.8408783333  0.0066243333 -0.4916430000  0.8354136667 -0.0171636667 -0.5185496667  0.8299490000  0.0088696667 -0.2732146667  0.5001806667 -0.0149183333 -0.3001213333  0.4947160000 -0.0126730000 -0.0816930000  0.1594830000 
-0.1212230000 -0.0836250000  0.1245670000 -0.3850083333 -0.2837323333  0.3652656667 -0.6487936667 -0.4838396667  0.6059643333 -0.9125790000 -0.6839470000  0.8466630000 -0.2006400000 -0.0071416667  0.1212746667 -0.4644253333 -0.2072490000  0.3619733333 -0.7282106667 -0.4073563333  0.6026720000 -0.2800570000  0.0693416667  0.1179823333 -0.5438423333 -0.1307656667  0.3586810000 -0.3594740000  0.1458250000  0.1146900000 
-0.9125790000 -0.6839470000  0.8466630000 -0.6487936667 -0.4838396667  0.6059643333 -0.3850083333 -0.2837323333  0.3652656667 -0.1212230000 -0.0836250000  0.1245670000 -0.8975796667 -0.7111000000  0.8531450000 -0.6337943333 -0.5109926667  0.6124463333 -0.3700090000 -0.3108853333  0.3717476667 -0.8825803333 -0.7382530000  0.8596270000 -0.6187950000 -0.5381456667  0.6189283333 -0.8675810000 -0.7654060000  0.8661090000 
0.3371840000 0.1445340000 0.1095430000 0.2693070000 0.1352370000 0.1826783333 0.2014300000 0.1259400000 0.2558136667 0.1335530000 0.1166430000 0.3289490000  0.4978960000 -0.1287720000  0.3688780000  0.4300190000 -0.1380690000  0.4420133333  0.3621420000 -0.1473660000  0.5151486667  0.6586080000 -0.4020780000  0.6282130000  0.5907310000 -0.4113750000  0.7013483333  0.8193200000 -0.6753840000  0.8875480000 
 0.8998540000 -0.6716680000  0.8134560000  0.7122973333 -0.3996006667  0.5788183333  0.5247406667 -0.1275333333  0.3441806667 0.3371840000 0.1445340000 0.1095430000  0.8730093333 -0.6729066667  0.8381533333  0.6854526667 -0.4008393333  0.6035156667  0.4978960000 -0.1287720000  0.3688780000  0.8461646667 -0.6741453333  0.8628506667  0.6586080000 -0.4020780000  0.6282130000  0.8193200000 -0.6753840000  0.8875480000 
-0.0449900000 -0.6485820000  1.1890600000 -0.0342176667 -0.4596190000  0.8458676667 -0.0234453333 -0.2706560000  0.5026753333 -0.0126730000 -0.0816930000  0.1594830000 -0.0364630000 -0.6780473333  1.1811006667 -0.0256906667 -0.4890843333  0.8379083333 -0.0149183333 -0.3001213333  0.4947160000 -0.0279360000 -0.7075126667  1.1731413333 -0.0171636667 -0.5185496667  0.8299490000 -0.0194090000 -0.7369780000  1.1651820000 
 0.8419850000 -0.7623270000  0.8288750000  0.8612746667 -0.7321073333  0.8237353333  0.8805643333 -0.7018876667  0.8185956667  0.8998540000 -0.6716680000  0.8134560000  0.8344300000 -0.7333460000  0.8484326667  0.8537196667 -0.7031263333  0.8432930000  0.8730093333 -0.6729066667  0.8381533333  0.8268750000 -0.7043650000  0.8679903333  0.8461646667 -0.6741453333  0.8628506667  0.8193200000 -0.6753840000  0.8875480000 
 0.8998540000 -0.6716680000  0.8134560000  0.8805643333 -0.7018876667  0.8185956667  0.8612746667 -0.7321073333  0.8237353333  0.8419850000 -0.7623270000  0.8288750000  0.6374603333 -0.4748226667  0.5810740000  0.6181706667 -0.5050423333  0.5862136667  0.5988810000 -0.5352620000  0.5913533333  0.3750666667 -0.2779773333  0.3486920000  0.3557770000 -0.3081970000  0.3538316667  0.1126730000 -0.0811320000  0.1163100000 
 0.8193200000 -0.6753840000  0.8875480000  0.5837710000 -0.4773000000  0.6304686667  0.3482220000 -0.2792160000  0.3733893333  0.1126730000 -0.0811320000  0.1163100000  0.8268750000 -0.7043650000  0.8679903333  0.5913260000 -0.5062810000  0.6109110000  0.3557770000 -0.3081970000  0.3538316667  0.8344300000 -0.7333460000  0.8484326667  0.5988810000 -0.5352620000  0.5913533333  0.8419850000 -0.7623270000  0.8288750000 
-0.8675810000 -0.7654060000  0.8661090000 -0.8610263333 -0.7342696667  0.8836393333 -0.8544716667 -0.7031333333  0.9011696667 -0.8479170000 -0.6719970000  0.9187000000 -0.8825803333 -0.7382530000  0.8596270000 -0.8760256667 -0.7071166667  0.8771573333 -0.8694710000 -0.6759803333  0.8946876667 -0.8975796667 -0.7111000000  0.8531450000 -0.8910250000 -0.6799636667  0.8706753333 -0.9125790000 -0.6839470000  0.8466630000 
-0.8479170000 -0.6719970000  0.9187000000 -0.8544716667 -0.7031333333  0.9011696667 -0.8610263333 -0.7342696667  0.8836393333 -0.8675810000 -0.7654060000  0.8661090000 -0.6056856667 -0.4758730000  0.6539890000 -0.6122403333 -0.5070093333  0.6364586667 -0.6187950000 -0.5381456667  0.6189283333 -0.3634543333 -0.2797490000  0.3892780000 -0.3700090000 -0.3108853333  0.3717476667 -0.1212230000 -0.0836250000  0.1245670000 
-0.1212230000 -0.0836250000  0.1245670000 -0.1248446667 -0.0203643333  0.1898106667 -0.1284663333  0.0428963333  0.2550543333 -0.1320880000  0.1061570000  0.3202980000 -0.3634543333 -0.2797490000  0.3892780000 -0.3670760000 -0.2164883333  0.4545216667 -0.3706976667 -0.1532276667  0.5197653333 -0.6056856667 -0.4758730000  0.6539890000 -0.6093073333 -0.4126123333  0.7192326667 -0.8479170000 -0.6719970000  0.9187000000 
-0.8479170000 -0.6719970000  0.9187000000 -0.6093073333 -0.4126123333  0.7192326667 -0.3706976667 -0.1532276667  0.5197653333 -0.1320880000  0.1061570000  0.3202980000 -0.8694710000 -0.6759803333  0.8946876667 -0.6308613333 -0.4165956667  0.6952203333 -0.3922516667 -0.1572110000  0.4957530000 -0.8910250000 -0.6799636667  0.8706753333 -0.6524153333 -0.4205790000  0.6712080000 -0.9125790000 -0.6839470000  0.8466630000 
-0.1320880000  0.1061570000  0.3202980000 -0.2078833333  0.1193796667  0.2517620000 -0.2836786667  0.1326023333  0.1832260000 -0.3594740000  0.1458250000  0.1146900000 -0.3922516667 -0.1572110000  0.4957530000 -0.4680470000 -0.1439883333  0.4272170000 -0.5438423333 -0.1307656667  0.3586810000 -0.6524153333 -0.4205790000  0.6712080000 -0.7282106667 -0.4073563333  0.6026720000 -0.9125790000 -0.6839470000  0.8466630000 
 0.1644060000 -0.0807910000 -0.0146710000  0.2192886667 -0.0063693333 -0.0609163333  0.2741713333  0.0680523333 -0.1071616667  0.3290540000  0.1424740000 -0.1534070000  0.5105136667 -0.2791973333 -0.0196993333  0.5653963333 -0.2047756667 -0.0659446667  0.6202790000 -0.1303540000 -0.1121900000  0.8566213333 -0.4776036667 -0.0247276667  0.9115040000 -0.4031820000 -0.0709730000  1.2027290000 -0.6760100000 -0.0297560000 
 0.1644060000 -0.0807910000 -0.0146710000  0.5092056667 -0.2807186667  0.0059103333  0.8540053333 -0.4806463333  0.0264916667  1.1988050000 -0.6805740000  0.0470730000  0.2219986667 -0.0056826667  0.0267336667  0.5667983333 -0.2056103333  0.0473150000  0.9115980000 -0.4055380000  0.0678963333 0.2795913333 0.0694256667 0.0681383333  0.6243910000 -0.1305020000  0.0887196667 0.3371840000 0.1445340000 0.1095430000 
 0.3290540000  0.1424740000 -0.1534070000  0.3317640000  0.1431606667 -0.0657570000 0.3344740000 0.1438473333 0.0218930000 0.3371840000 0.1445340000 0.1095430000  0.6189710000 -0.1318753333 -0.0865803333  0.6216810000 -0.1311886667  0.0010696667  0.6243910000 -0.1305020000  0.0887196667  0.9088880000 -0.4062246667 -0.0197536667  0.9115980000 -0.4055380000  0.0678963333  1.1988050000 -0.6805740000  0.0470730000 
 1.2027290000 -0.6760100000 -0.0297560000  0.9115040000 -0.4031820000 -0.0709730000  0.6202790000 -0.1303540000 -0.1121900000  0.3290540000  0.1424740000 -0.1534070000  1.2014210000 -0.6775313333 -0.0041463333  0.9101960000 -0.4047033333 -0.0453633333  0.6189710000 -0.1318753333 -0.0865803333  1.2001130000 -0.6790526667  0.0214633333  0.9088880000 -0.4062246667 -0.0197536667  1.1988050000 -0.6805740000  0.0470730000 
 1.1836980000 -0.7529110000  0.0061500000  1.1900416667 -0.7272773333 -0.0058186667  1.1963853333 -0.7016436667 -0.0177873333  1.2027290000 -0.6760100000 -0.0297560000  1.1887336667 -0.7287986667  0.0197910000  1.1950773333 -0.7031650000  0.0078223333  1.2014210000 -0.6775313333 -0.0041463333  1.1937693333 -0.7046863333  0.0334320000  1.2001130000 -0.6790526667  0.0214633333  1.1988050000 -0.6805740000  0.0470730000 
 1.2027290000 -0.6760100000 -0.0297560000  1.1963853333 -0.7016436667 -0.0177873333  1.1900416667 -0.7272773333 -0.0058186667  1.1836980000 -0.7529110000  0.0061500000  0.8566213333 -0.4776036667 -0.0247276667  0.8502776667 -0.5032373333 -0.0127590000  0.8439340000 -0.5288710000 -0.0007903333  0.5105136667 -0.2791973333 -0.0196993333  0.5041700000 -0.3048310000 -0.0077306667  0.1644060000 -0.0807910000 -0.0146710000 
 1.1988050000 -0.6805740000  0.0470730000  0.8540053333 -0.4806463333  0.0264916667  0.5092056667 -0.2807186667  0.0059103333  0.1644060000 -0.0807910000 -0.0146710000  1.1937693333 -0.7046863333  0.0334320000  0.8489696667 -0.5047586667  0.0128506667  0.5041700000 -0.3048310000 -0.0077306667  1.1887336667 -0.7287986667  0.0197910000  0.8439340000 -0.5288710000 -0.0007903333  1.1836980000 -0.7529110000  0.0061500000 
 0.1151460000 -0.0808690000 -0.1215410000  0.1109763333 -0.0067566667 -0.1965283333  0.1068066667  0.0673556667 -0.2715156667  0.1026370000  0.1414680000 -0.3465030000  0.3450996667 -0.2683083333 -0.3739180000  0.3409300000 -0.1941960000 -0.4489053333  0.3367603333 -0.1200836667 -0.5238926667  0.5750533333 -0.4557476667 -0.6262950000  0.5708836667 -0.3816353333 -0.7012823333  0.8050070000 -0.6431870000 -0.8786720000 
 0.1151460000 -0.0808690000 -0.1215410000  0.3705106667 -0.2659100000 -0.3500680000  0.6258753333 -0.4509510000 -0.5785950000  0.8812400000 -0.6359920000 -0.8071220000  0.1864486667 -0.0064213333 -0.1321630000  0.4418133333 -0.1914623333 -0.3606900000  0.6971780000 -0.3765033333 -0.5892170000  0.2577513333  0.0680263333 -0.1427850000  0.5131160000 -0.1170146667 -0.3713120000  0.3290540000  0.1424740000 -0.1534070000 
 0.1026370000  0.1414680000 -0.3465030000  0.1781093333  0.1418033333 -0.2821376667  0.2535816667  0.1421386667 -0.2177723333  0.3290540000  0.1424740000 -0.1534070000  0.3621713333 -0.1176853333 -0.5000426667  0.4376436667 -0.1173500000 -0.4356773333  0.5131160000 -0.1170146667 -0.3713120000  0.6217056667 -0.3768386667 -0.6535823333  0.6971780000 -0.3765033333 -0.5892170000  0.8812400000 -0.6359920000 -0.8071220000 
 0.8050070000 -0.6431870000 -0.8786720000  0.5708836667 -0.3816353333 -0.7012823333  0.3367603333 -0.1200836667 -0.5238926667  0.1026370000  0.1414680000 -0.3465030000  0.8304180000 -0.6407886667 -0.8548220000  0.5962946667 -0.3792370000 -0.6774323333  0.3621713333 -0.1176853333 -0.5000426667  0.8558290000 -0.6383903333 -0.8309720000  0.6217056667 -0.3768386667 -0.6535823333  0.8812400000 -0.6359920000 -0.8071220000 
 0.8304790000 -0.7367310000 -0.8165490000  0.8219883333 -0.7055496667 -0.8372566667  0.8134976667 -0.6743683333 -0.8579643333  0.8050070000 -0.6431870000 -0.8786720000  0.8473993333 -0.7031513333 -0.8134066667  0.8389086667 -0.6719700000 -0.8341143333  0.8304180000 -0.6407886667 -0.8548220000  0.8643196667 -0.6695716667 -0.8102643333  0.8558290000 -0.6383903333 -0.8309720000  0.8812400000 -0.6359920000 -0.8071220000 
 0.8050070000 -0.6431870000 -0.8786720000  0.8134976667 -0.6743683333 -0.8579643333  0.8219883333 -0.7055496667 -0.8372566667  0.8304790000 -0.7367310000 -0.8165490000  0.5750533333 -0.4557476667 -0.6262950000  0.5835440000 -0.4869290000 -0.6055873333  0.5920346667 -0.5181103333 -0.5848796667  0.3450996667 -0.2683083333 -0.3739180000  0.3535903333 -0.2994896667 -0.3532103333  0.1151460000 -0.0808690000 -0.1215410000 
 0.8812400000 -0.6359920000 -0.8071220000  0.6258753333 -0.4509510000 -0.5785950000  0.3705106667 -0.2659100000 -0.3500680000  0.1151460000 -0.0808690000 -0.1215410000  0.8643196667 -0.6695716667 -0.8102643333  0.6089550000 -0.4845306667 -0.5817373333  0.3535903333 -0.2994896667 -0.3532103333  0.8473993333 -0.7031513333 -0.8134066667  0.5920346667 -0.5181103333 -0.5848796667  0.8304790000 -0.7367310000 -0.8165490000 
 0.0122030000 -0.0818420000 -0.1673380000 -0.0425063333 -0.0132286667 -0.2215176667 -0.0972156667  0.0553846667 -0.2756973333 -0.1519250000  0.1239980000 -0.3298770000 -0.0143180000 -0.2734136667 -0.5297983333 -0.0690273333 -0.2048003333 -0.5839780000 -0.1237366667 -0.1361870000 -0.6381576667 -0.0408390000 -0.4649853333 -0.8922586667 -0.0955483333 -0.3963720000 -0.9464383333 -0.0673600000 -0.6565570000 -1.2547190000 
 0.0122030000 -0.0818420000 -0.1673380000  0.0359516667 -0.2696603333 -0.5303390000  0.0597003333 -0.4574786667 -0.8933400000  0.0834490000 -0.6452970000 -1.2563410000  0.0423476667 -0.0074053333 -0.2270596667  0.0660963333 -0.1952236667 -0.5900606667  0.0898450000 -0.3830420000 -0.9530616667  0.0724923333  0.0670313333 -0.2867813333  0.0962410000 -0.1207870000 -0.6497823333  0.1026370000  0.1414680000 -0.3465030000 
-0.1519250000  0.1239980000 -0.3298770000 -0.0670710000  0.1298213333 -0.3354190000  0.0177830000  0.1356446667 -0.3409610000  0.1026370000  0.1414680000 -0.3465030000 -0.0734670000 -0.1324336667 -0.6386983333  0.0113870000 -0.1266103333 -0.6442403333  0.0962410000 -0.1207870000 -0.6497823333  0.0049910000 -0.3888653333 -0.9475196667  0.0898450000 -0.3830420000 -0.9530616667  0.0834490000 -0.6452970000 -1.2563410000 
-0.0673600000 -0.6565570000 -1.2547190000 -0.0955483333 -0.3963720000 -0.9464383333 -0.1237366667 -0.1361870000 -0.6381576667 -0.1519250000  0.1239980000 -0.3298770000 -0.0170903333 -0.6528036667 -1.2552596667 -0.0452786667 -0.3926186667 -0.9469790000 -0.0734670000 -0.1324336667 -0.6386983333  0.0331793333 -0.6490503333 -1.2558003333  0.0049910000 -0.3888653333 -0.9475196667  0.0834490000 -0.6452970000 -1.2563410000 
 0.0313520000 -0.7551850000 -1.2229440000 -0.0015520000 -0.7223090000 -1.2335356667 -0.0344560000 -0.6894330000 -1.2441273333 -0.0673600000 -0.6565570000 -1.2547190000  0.0487176667 -0.7185556667 -1.2340763333  0.0158136667 -0.6856796667 -1.2446680000 -0.0170903333 -0.6528036667 -1.2552596667  0.0660833333 -0.6819263333 -1.2452086667  0.0331793333 -0.6490503333 -1.2558003333  0.0834490000 -0.6452970000 -1.2563410000 
-0.0673600000 -0.6565570000 -1.2547190000 -0.0344560000 -0.6894330000 -1.2441273333 -0.0015520000 -0.7223090000 -1.2335356667  0.0313520000 -0.7551850000 -1.2229440000 -0.0408390000 -0.4649853333 -0.8922586667 -0.0079350000 -0.4978613333 -0.8816670000  0.0249690000 -0.5307373333 -0.8710753333 -0.0143180000 -0.2734136667 -0.5297983333  0.0185860000 -0.3062896667 -0.5192066667  0.0122030000 -0.0818420000 -0.1673380000 
 0.0834490000 -0.6452970000 -1.2563410000  0.0597003333 -0.4574786667 -0.8933400000  0.0359516667 -0.2696603333 -0.5303390000  0.0122030000 -0.0818420000 -0.1673380000  0.0660833333 -0.6819263333 -1.2452086667  0.0423346667 -0.4941080000 -0.8822076667  0.0185860000 -0.3062896667 -0.5192066667  0.0487176667 -0.7185556667 -1.2340763333  0.0249690000 -0.5307373333 -0.8710753333  0.0313520000 -0.7551850000 -1.2229440000 
-0.1080210000 -0.0822030000 -0.1144160000 -0.1862136667 -0.0015650000 -0.1238703333 -0.2644063333  0.0790730000 -0.1333246667 -0.3425990000  0.1597110000 -0.1427790000 -0.3740976667 -0.2738586667 -0.3540016667 -0.4522903333 -0.1932206667 -0.3634560000 -0.5304830000 -0.1125826667 -0.3729103333 -0.6401743333 -0.4655143333 -0.5935873333 -0.7183670000 -0.3848763333 -0.6030416667 -0.9062510000 -0.6571700000 -0.8331730000 
-0.1080210000 -0.0822030000 -0.1144160000 -0.3433966667 -0.2772556667 -0.3816170000 -0.5787723333 -0.4723083333 -0.6488180000 -0.8141480000 -0.6673610000 -0.9160190000 -0.1226556667 -0.0134693333 -0.1862363333 -0.3580313333 -0.2085220000 -0.4534373333 -0.5934070000 -0.4035746667 -0.7206383333 -0.1372903333  0.0552643333 -0.2580566667 -0.3726660000 -0.1397883333 -0.5252576667 -0.1519250000  0.1239980000 -0.3298770000 
-0.3425990000  0.1597110000 -0.1427790000 -0.2790410000  0.1478066667 -0.2051450000 -0.2154830000  0.1359023333 -0.2675110000 -0.1519250000  0.1239980000 -0.3298770000 -0.4997820000 -0.1159796667 -0.4005256667 -0.4362240000 -0.1278840000 -0.4628916667 -0.3726660000 -0.1397883333 -0.5252576667 -0.6569650000 -0.3916703333 -0.6582723333 -0.5934070000 -0.4035746667 -0.7206383333 -0.8141480000 -0.6673610000 -0.9160190000 
-0.9062510000 -0.6571700000 -0.8331730000 -0.7183670000 -0.3848763333 -0.6030416667 -0.5304830000 -0.1125826667 -0.3729103333 -0.3425990000  0.1597110000 -0.1427790000 -0.8755500000 -0.6605670000 -0.8607883333 -0.6876660000 -0.3882733333 -0.6306570000 -0.4997820000 -0.1159796667 -0.4005256667 -0.8448490000 -0.6639640000 -0.8884036667 -0.6569650000 -0.3916703333 -0.6582723333 -0.8141480000 -0.6673610000 -0.9160190000 
-0.8514200000 -0.7476750000 -0.8532070000 -0.8696970000 -0.7175066667 -0.8465290000 -0.8879740000 -0.6873383333 -0.8398510000 -0.9062510000 -0.6571700000 -0.8331730000 -0.8389960000 -0.7209036667 -0.8741443333 -0.8572730000 -0.6907353333 -0.8674663333 -0.8755500000 -0.6605670000 -0.8607883333 -0.8265720000 -0.6941323333 -0.8950816667 -0.8448490000 -0.6639640000 -0.8884036667 -0.8141480000 -0.6673610000 -0.9160190000 
-0.9062510000 -0.6571700000 -0.8331730000 -0.8879740000 -0.6873383333 -0.8398510000 -0.8696970000 -0.7175066667 -0.8465290000 -0.8514200000 -0.7476750000 -0.8532070000 -0.6401743333 -0.4655143333 -0.5935873333 -0.6218973333 -0.4956826667 -0.6002653333 -0.6036203333 -0.5258510000 -0.6069433333 -0.3740976667 -0.2738586667 -0.3540016667 -0.3558206667 -0.3040270000 -0.3606796667 -0.1080210000 -0.0822030000 -0.1144160000 
-0.8141480000 -0.6673610000 -0.9160190000 -0.5787723333 -0.4723083333 -0.6488180000 -0.3433966667 -0.2772556667 -0.3816170000 -0.1080210000 -0.0822030000 -0.1144160000 -0.8265720000 -0.6941323333 -0.8950816667 -0.5911963333 -0.4990796667 -0.6278806667 -0.3558206667 -0.3040270000 -0.3606796667 -0.8389960000 -0.7209036667 -0.8741443333 -0.6036203333 -0.5258510000 -0.6069433333 -0.8514200000 -0.7476750000 -0.8532070000 
-0.1652680000 -0.0809890000 -0.0046950000 -0.2300033333 -0.0053843333  0.0351000000 -0.2947386667  0.0702203333  0.0748950000 -0.3594740000  0.1458250000  0.1146900000 -0.5144583333 -0.2819230000  0.0134733333 -0.5791936667 -0.2063183333  0.0532683333 -0.6439290000 -0.1307136667  0.0930633333 -0.8636486667 -0.4828570000  0.0316416667 -0.9283840000 -0.4072523333  0.0714366667 -1.2128390000 -0.6837910000  0.0498100000 
-0.1652680000 -0.0809890000 -0.0046950000 -0.5155610000 -0.2815120000 -0.0205023333 -0.8658540000 -0.4820350000 -0.0363096667 -1.2161470000 -0.6825580000 -0.0521170000 -0.2243783333 -0.0007556667 -0.0507230000 -0.5746713333 -0.2012786667 -0.0665303333 -0.9249643333 -0.4018016667 -0.0823376667 -0.2834886667  0.0794776667 -0.0967510000 -0.6337816667 -0.1210453333 -0.1125583333 -0.3425990000  0.1597110000 -0.1427790000 
-0.3594740000  0.1458250000  0.1146900000 -0.3538490000  0.1504536667  0.0288670000 -0.3482240000  0.1550823333 -0.0569560000 -0.3425990000  0.1597110000 -0.1427790000 -0.6450316667 -0.1303026667  0.0590876667 -0.6394066667 -0.1256740000 -0.0267353333 -0.6337816667 -0.1210453333 -0.1125583333 -0.9305893333 -0.4064303333  0.0034853333 -0.9249643333 -0.4018016667 -0.0823376667 -1.2161470000 -0.6825580000 -0.0521170000 
-1.2128390000 -0.6837910000  0.0498100000 -0.9283840000 -0.4072523333  0.0714366667 -0.6439290000 -0.1307136667  0.0930633333 -0.3594740000  0.1458250000  0.1146900000 -1.2139416667 -0.6833800000  0.0158343333 -0.9294866667 -0.4068413333  0.0374610000 -0.6450316667 -0.1303026667  0.0590876667 -1.2150443333 -0.6829690000 -0.0181413333 -0.9305893333 -0.4064303333  0.0034853333 -1.2161470000 -0.6825580000 -0.0521170000 
-1.1981840000 -0.7582450000 -0.0038160000 -1.2030690000 -0.7334270000  0.0140593333 -1.2079540000 -0.7086090000  0.0319346667 -1.2128390000 -0.6837910000  0.0498100000 -1.2041716667 -0.7330160000 -0.0199163333 -1.2090566667 -0.7081980000 -0.0020410000 -1.2139416667 -0.6833800000  0.0158343333 -1.2101593333 -0.7077870000 -0.0360166667 -1.2150443333 -0.6829690000 -0.0181413333 -1.2161470000 -0.6825580000 -0.0521170000 
-1.2128390000 -0.6837910000  0.0498100000 -1.2079540000 -0.7086090000  0.0319346667 -1.2030690000 -0.7334270000  0.0140593333 -1.1981840000 -0.7582450000 -0.0038160000 -0.8636486667 -0.4828570000  0.0316416667 -0.8587636667 -0.5076750000  0.0137663333 -0.8538786667 -0.5324930000 -0.0041090000 -0.5144583333 -0.2819230000  0.0134733333 -0.5095733333 -0.3067410000 -0.0044020000 -0.1652680000 -0.0809890000 -0.0046950000 
-1.2161470000 -0.6825580000 -0.0521170000 -0.8658540000 -0.4820350000 -0.0363096667 -0.5155610000 -0.2815120000 -0.0205023333 -0.1652680000 -0.0809890000 -0.0046950000 -1.2101593333 -0.7077870000 -0.0360166667 -0.8598663333 -0.5072640000 -0.0202093333 -0.5095733333 -0.3067410000 -0.0044020000 -1.2041716667 -0.7330160000 -0.0199163333 -0.8538786667 -0.5324930000 -0.0041090000 -1.1981840000 -0.7582450000 -0.0038160000 
-0.3594740000  0.1458250000  0.1146900000 -0.2947386667  0.0702203333  0.0748950000 -0.2300033333 -0.0053843333  0.0351000000 -0.1652680000 -0.0809890000 -0.0046950000 -0.2800570000  0.0693416667  0.1179823333 -0.2153216667 -0.0062630000  0.0781873333 -0.1505863333 -0.0818676667  0.0383923333 -0.2006400000 -0.0071416667  0.1212746667 -0.1359046667 -0.0827463333  0.0814796667 -0.1212230000 -0.0836250000  0.1245670000 
-0.1320880000  0.1061570000  0.3202980000 -0.1284663333  0.0428963333  0.2550543333 -0.1248446667 -0.0203643333  0.1898106667 -0.1212230000 -0.0836250000  0.1245670000 -0.0922830000  0.0435403333  0.2666930000 -0.0886613333 -0.0197203333  0.2014493333 -0.0850396667 -0.0829810000  0.1362056667 -0.0524780000 -0.0190763333  0.2130880000 -0.0488563333 -0.0823370000  0.1478443333 -0.0126730000 -0.0816930000  0.1594830000 
0.1335530000 0.1166430000 0.3289490000 0.0848110000 0.0505310000 0.2724603333  0.0360690000 -0.0155810000  0.2159716667 -0.0126730000 -0.0816930000  0.1594830000 0.1265930000 0.0507180000 0.2580693333  0.0778510000 -0.0153940000  0.2015806667  0.0291090000 -0.0815060000  0.1450920000  0.1196330000 -0.0152070000  0.1871896667  0.0708910000 -0.0813190000  0.1307010000  0.1126730000 -0.0811320000  0.1163100000 
0.3371840000 0.1445340000 0.1095430000 0.2623470000 0.0693120000 0.1117986667  0.1875100000 -0.0059100000  0.1140543333  0.1126730000 -0.0811320000  0.1163100000 0.2795913333 0.0694256667 0.0681383333  0.2047543333 -0.0057963333  0.0703940000  0.1299173333 -0.0810183333  0.0726496667  0.2219986667 -0.0056826667  0.0267336667  0.1471616667 -0.0809046667  0.0289893333  0.1644060000 -0.0807910000 -0.0146710000 
 0.3290540000  0.1424740000 -0.1534070000  0.2741713333  0.0680523333 -0.1071616667  0.2192886667 -0.0063693333 -0.0609163333  0.1644060000 -0.0807910000 -0.0146710000  0.2577513333  0.0680263333 -0.1427850000  0.2028686667 -0.0063953333 -0.0965396667  0.1479860000 -0.0808170000 -0.0502943333  0.1864486667 -0.0064213333 -0.1321630000  0.1315660000 -0.0808430000 -0.0859176667  0.1151460000 -0.0808690000 -0.1215410000 
 0.1026370000  0.1414680000 -0.3465030000  0.1068066667  0.0673556667 -0.2715156667  0.1109763333 -0.0067566667 -0.1965283333  0.1151460000 -0.0808690000 -0.1215410000  0.0724923333  0.0670313333 -0.2867813333  0.0766620000 -0.0070810000 -0.2117940000  0.0808316667 -0.0811933333 -0.1368066667  0.0423476667 -0.0074053333 -0.2270596667  0.0465173333 -0.0815176667 -0.1520723333  0.0122030000 -0.0818420000 -0.1673380000 
-0.1519250000  0.1239980000 -0.3298770000 -0.0972156667  0.0553846667 -0.2756973333 -0.0425063333 -0.0132286667 -0.2215176667  0.0122030000 -0.0818420000 -0.1673380000 -0.1372903333  0.0552643333 -0.2580566667 -0.0825810000 -0.0133490000 -0.2038770000 -0.0278716667 -0.0819623333 -0.1496973333 -0.1226556667 -0.0134693333 -0.1862363333 -0.0679463333 -0.0820826667 -0.1320566667 -0.1080210000 -0.0822030000 -0.1144160000 
-0.3425990000  0.1597110000 -0.1427790000 -0.2644063333  0.0790730000 -0.1333246667 -0.1862136667 -0.0015650000 -0.1238703333 -0.1080210000 -0.0822030000 -0.1144160000 -0.2834886667  0.0794776667 -0.0967510000 -0.2052960000 -0.0011603333 -0.0872966667 -0.1271033333 -0.0817983333 -0.0778423333 -0.2243783333 -0.0007556667 -0.0507230000 -0.1461856667 -0.0813936667 -0.0412686667 -0.1652680000 -0.0809890000 -0.0046950000 
-0.0000100000 -0.0811200000 -0.0023670000 -0.0042310000 -0.0813110000  0.0515830000 -0.0084520000 -0.0815020000  0.1055330000 -0.0126730000 -0.0816930000  0.1594830000 -0.0404143333 -0.0819550000  0.0399443333 -0.0446353333 -0.0821460000  0.0938943333 -0.0488563333 -0.0823370000  0.1478443333 -0.0808186667 -0.0827900000  0.0822556667 -0.0850396667 -0.0829810000  0.1362056667 -0.1212230000 -0.0836250000  0.1245670000 
-0.0126730000 -0.0816930000  0.1594830000 -0.0084520000 -0.0815020000  0.1055330000 -0.0042310000 -0.0813110000  0.0515830000 -0.0000100000 -0.0811200000 -0.0023670000  0.0291090000 -0.0815060000  0.1450920000  0.0333300000 -0.0813150000  0.0911420000  0.0375510000 -0.0811240000  0.0371920000  0.0708910000 -0.0813190000  0.1307010000  0.0751120000 -0.0811280000  0.0767510000  0.1126730000 -0.0811320000  0.1163100000 
 0.1644060000 -0.0807910000 -0.0146710000  0.1471616667 -0.0809046667  0.0289893333  0.1299173333 -0.0810183333  0.0726496667  0.1126730000 -0.0811320000  0.1163100000  0.1096006667 -0.0809006667 -0.0105696667  0.0923563333 -0.0810143333  0.0330906667  0.0751120000 -0.0811280000  0.0767510000  0.0547953333 -0.0810103333 -0.0064683333  0.0375510000 -0.0811240000  0.0371920000 -0.0000100000 -0.0811200000 -0.0023670000 
 0.1644060000 -0.0807910000 -0.0146710000  0.1096006667 -0.0809006667 -0.0105696667  0.0547953333 -0.0810103333 -0.0064683333 -0.0000100000 -0.0811200000 -0.0023670000  0.1479860000 -0.0808170000 -0.0502943333  0.0931806667 -0.0809266667 -0.0461930000  0.0383753333 -0.0810363333 -0.0420916667  0.1315660000 -0.0808430000 -0.0859176667  0.0767606667 -0.0809526667 -0.0818163333  0.1151460000 -0.0808690000 -0.1215410000 
 0.1151460000 -0.0808690000 -0.1215410000  0.0767606667 -0.0809526667 -0.0818163333  0.0383753333 -0.0810363333 -0.0420916667 -0.0000100000 -0.0811200000 -0.0023670000  0.0808316667 -0.0811933333 -0.1368066667  0.0424463333 -0.0812770000 -0.0970820000  0.0040610000 -0.0813606667 -0.0573573333  0.0465173333 -0.0815176667 -0.1520723333  0.0081320000 -0.0816013333 -0.1123476667  0.0122030000 -0.0818420000 -0.1673380000 
 0.0122030000 -0.0818420000 -0.1673380000  0.0081320000 -0.0816013333 -0.1123476667  0.0040610000 -0.0813606667 -0.0573573333 -0.0000100000 -0.0811200000 -0.0023670000 -0.0278716667 -0.0819623333 -0.1496973333 -0.0319426667 -0.0817216667 -0.0947070000 -0.0360136667 -0.0814810000 -0.0397166667 -0.0679463333 -0.0820826667 -0.1320566667 -0.0720173333 -0.0818420000 -0.0770663333 -0.1080210000 -0.0822030000 -0.1144160000 
-0.1080210000 -0.0822030000 -0.1144160000 -0.0720173333 -0.0818420000 -0.0770663333 -0.0360136667 -0.0814810000 -0.0397166667 -0.0000100000 -0.0811200000 -0.0023670000 -0.1271033333 -0.0817983333 -0.0778423333 -0.0910996667 -0.0814373333 -0.0404926667 -0.0550960000 -0.0810763333 -0.0031430000 -0.1461856667 -0.0813936667 -0.0412686667 -0.1101820000 -0.0810326667 -0.0039190000 -0.1652680000 -0.0809890000 -0.0046950000 
-0.1212230000 -0.0836250000  0.1245670000 -0.1359046667 -0.0827463333  0.0814796667 -0.1505863333 -0.0818676667  0.0383923333 -0.1652680000 -0.0809890000 -0.0046950000 -0.0808186667 -0.0827900000  0.0822556667 -0.0955003333 -0.0819113333  0.0391683333 -0.1101820000 -0.0810326667 -0.0039190000 -0.0404143333 -0.0819550000  0.0399443333 -0.0550960000 -0.0810763333 -0.0031430000 -0.0000100000 -0.0811200000 -0.0023670000 
0.0094860000 0.4098950000 0.1752630000 0.0508416667 0.3121443333 0.2264916667 0.0921973333 0.2143936667 0.2777203333 0.1335530000 0.1166430000 0.3289490000 0.1187186667 0.3214413333 0.1533563333 0.1600743333 0.2236906667 0.2045850000 0.2014300000 0.1259400000 0.2558136667 0.2279513333 0.2329876667 0.1314496667 0.2693070000 0.1352370000 0.1826783333 0.3371840000 0.1445340000 0.1095430000 
0.1335530000 0.1166430000 0.3289490000 0.0921973333 0.2143936667 0.2777203333 0.0508416667 0.3121443333 0.2264916667 0.0094860000 0.4098950000 0.1752630000 0.0450060000 0.1131476667 0.3260653333 0.0036503333 0.2108983333 0.2748366667 -0.0377053333  0.3086490000  0.2236080000 -0.0435410000  0.1096523333  0.3231816667 -0.0848966667  0.2074030000  0.2719530000 -0.1320880000  0.1061570000  0.3202980000 
-0.3594740000  0.1458250000  0.1146900000 -0.2836786667  0.1326023333  0.1832260000 -0.2078833333  0.1193796667  0.2517620000 -0.1320880000  0.1061570000  0.3202980000 -0.2364873333  0.2338483333  0.1348810000 -0.1606920000  0.2206256667  0.2034170000 -0.0848966667  0.2074030000  0.2719530000 -0.1135006667  0.3218716667  0.1550720000 -0.0377053333  0.3086490000  0.2236080000 0.0094860000 0.4098950000 0.1752630000 
0.0094860000 0.4098950000 0.1752630000 -0.0798283333  0.4050880000  0.1261766667 -0.1691426667  0.4002810000  0.0770903333 -0.2584570000  0.3954740000  0.0280040000 -0.1135006667  0.3218716667  0.1550720000 -0.2028150000  0.3170646667  0.1059856667 -0.2921293333  0.3122576667  0.0568993333 -0.2364873333  0.2338483333  0.1348810000 -0.3258016667  0.2290413333  0.0857946667 -0.3594740000  0.1458250000  0.1146900000 
-0.3594740000  0.1458250000  0.1146900000 -0.3258016667  0.2290413333  0.0857946667 -0.2921293333  0.3122576667  0.0568993333 -0.2584570000  0.3954740000  0.0280040000 -0.3538490000  0.1504536667  0.0288670000 -0.3201766667  0.2336700000 -0.0000283333 -0.2865043333  0.3168863333 -0.0289236667 -0.3482240000  0.1550823333 -0.0569560000 -0.3145516667  0.2382986667 -0.0858513333 -0.3425990000  0.1597110000 -0.1427790000 
-0.3425990000  0.1597110000 -0.1427790000 -0.3145516667  0.2382986667 -0.0858513333 -0.2865043333  0.3168863333 -0.0289236667 -0.2584570000  0.3954740000  0.0280040000 -0.2790410000  0.1478066667 -0.2051450000 -0.2509936667  0.2263943333 -0.1482173333 -0.2229463333  0.3049820000 -0.0912896667 -0.2154830000  0.1359023333 -0.2675110000 -0.1874356667  0.2144900000 -0.2105833333 -0.1519250000  0.1239980000 -0.3298770000 
0.3371840000 0.1445340000 0.1095430000 0.3062136667 0.2310803333 0.0663206667 0.2752433333 0.3176266667 0.0230983333  0.2442730000  0.4041730000 -0.0201240000 0.2279513333 0.2329876667 0.1314496667 0.1969810000 0.3195340000 0.0882273333 0.1660106667 0.4060803333 0.0450050000 0.1187186667 0.3214413333 0.1533563333 0.0877483333 0.4079876667 0.1101340000 0.0094860000 0.4098950000 0.1752630000 
0.3371840000 0.1445340000 0.1095430000 0.3344740000 0.1438473333 0.0218930000  0.3317640000  0.1431606667 -0.0657570000  0.3290540000  0.1424740000 -0.1534070000 0.3062136667 0.2310803333 0.0663206667  0.3035036667  0.2303936667 -0.0213293333  0.3007936667  0.2297070000 -0.1089793333 0.2752433333 0.3176266667 0.0230983333  0.2725333333  0.3169400000 -0.0645516667  0.2442730000  0.4041730000 -0.0201240000 
 0.1026370000  0.1414680000 -0.3465030000  0.1498490000  0.2290363333 -0.2377100000  0.1970610000  0.3166046667 -0.1289170000  0.2442730000  0.4041730000 -0.0201240000  0.1781093333  0.1418033333 -0.2821376667  0.2253213333  0.2293716667 -0.1733446667  0.2725333333  0.3169400000 -0.0645516667  0.2535816667  0.1421386667 -0.2177723333  0.3007936667  0.2297070000 -0.1089793333  0.3290540000  0.1424740000 -0.1534070000 
-0.1519250000  0.1239980000 -0.3298770000 -0.1023686667  0.1619316667 -0.3505303333 -0.0528123333  0.1998653333 -0.3711836667 -0.0032560000  0.2377990000 -0.3918370000 -0.0670710000  0.1298213333 -0.3354190000 -0.0175146667  0.1677550000 -0.3560723333  0.0320416667  0.2056886667 -0.3767256667  0.0177830000  0.1356446667 -0.3409610000  0.0673393333  0.1735783333 -0.3616143333  0.1026370000  0.1414680000 -0.3465030000 
 0.2442730000  0.4041730000 -0.0201240000  0.1970610000  0.3166046667 -0.1289170000  0.1498490000  0.2290363333 -0.2377100000  0.1026370000  0.1414680000 -0.3465030000  0.1617633333  0.3487150000 -0.1440283333  0.1145513333  0.2611466667 -0.2528213333  0.0673393333  0.1735783333 -0.3616143333  0.0792536667  0.2932570000 -0.2679326667  0.0320416667  0.2056886667 -0.3767256667 -0.0032560000  0.2377990000 -0.3918370000 
-0.1519250000  0.1239980000 -0.3298770000 -0.1874356667  0.2144900000 -0.2105833333 -0.2229463333  0.3049820000 -0.0912896667 -0.2584570000  0.3954740000  0.0280040000 -0.1023686667  0.1619316667 -0.3505303333 -0.1378793333  0.2524236667 -0.2312366667 -0.1733900000  0.3429156667 -0.1119430000 -0.0528123333  0.1998653333 -0.3711836667 -0.0883230000  0.2903573333 -0.2518900000 -0.0032560000  0.2377990000 -0.3918370000 
 0.2442730000  0.4041730000 -0.0201240000  0.1617633333  0.3487150000 -0.1440283333  0.0792536667  0.2932570000 -0.2679326667 -0.0032560000  0.2377990000 -0.3918370000  0.2562256667  0.3951560000 -0.1946976667  0.1737160000  0.3396980000 -0.3186020000  0.0912063333  0.2842400000 -0.4425063333  0.2681783333  0.3861390000 -0.3692713333  0.1856686667  0.3306810000 -0.4931756667  0.2801310000  0.3771220000 -0.5438450000 
-0.0032560000  0.2377990000 -0.3918370000 -0.0883230000  0.2903573333 -0.2518900000 -0.1733900000  0.3429156667 -0.1119430000 -0.2584570000  0.3954740000  0.0280040000 -0.0983043333  0.2790890000 -0.4435033333 -0.1833713333  0.3316473333 -0.3035563333 -0.2684383333  0.3842056667 -0.1636093333 -0.1933526667  0.3203790000 -0.4951696667 -0.2784196667  0.3729373333 -0.3552226667 -0.2884010000  0.3616690000 -0.5468360000 
-0.0032560000  0.2377990000 -0.3918370000 -0.0034216667  0.2785636667 -0.5097556667 -0.0035873333  0.3193283333 -0.6276743333 -0.0037530000  0.3600930000 -0.7455930000  0.0912063333  0.2842400000 -0.4425063333  0.0910406667  0.3250046667 -0.5604250000  0.0908750000  0.3657693333 -0.6783436667  0.1856686667  0.3306810000 -0.4931756667  0.1855030000  0.3714456667 -0.6110943333  0.2801310000  0.3771220000 -0.5438450000 
-0.0032560000  0.2377990000 -0.3918370000 -0.0983043333  0.2790890000 -0.4435033333 -0.1933526667  0.3203790000 -0.4951696667 -0.2884010000  0.3616690000 -0.5468360000 -0.0034216667  0.2785636667 -0.5097556667 -0.0984700000  0.3198536667 -0.5614220000 -0.1935183333  0.3611436667 -0.6130883333 -0.0035873333  0.3193283333 -0.6276743333 -0.0986356667  0.3606183333 -0.6793406667 -0.0037530000  0.3600930000 -0.7455930000 
 0.2801310000  0.3771220000 -0.5438450000  0.2482573333  0.4669430000 -0.3465873333  0.2163836667  0.5567640000 -0.1493296667 0.1845100000 0.6465850000 0.0479280000  0.2681783333  0.3861390000 -0.3692713333  0.2363046667  0.4759600000 -0.1720136667 0.2044310000 0.5657810000 0.0252440000  0.2562256667  0.3951560000 -0.1946976667 0.2243520000 0.4849770000 0.0025600000  0.2442730000  0.4041730000 -0.0201240000 
 0.2442730000  0.4041730000 -0.0201240000 0.2243520000 0.4849770000 0.0025600000 0.2044310000 0.5657810000 0.0252440000 0.1845100000 0.6465850000 0.0479280000 0.1660106667 0.4060803333 0.0450050000 0.1460896667 0.4868843333 0.0676890000 0.1261686667 0.5676883333 0.0903730000 0.0877483333 0.4079876667 0.1101340000 0.0678273333 0.4887916667 0.1328180000 0.0094860000 0.4098950000 0.1752630000 
0.0094860000 0.4098950000 0.1752630000 -0.0509363333  0.4900140000  0.1367090000 -0.1113586667  0.5701330000  0.0981550000 -0.1717810000  0.6502520000  0.0596010000 -0.0798283333  0.4050880000  0.1261766667 -0.1402506667  0.4852070000  0.0876226667 -0.2006730000  0.5653260000  0.0490686667 -0.1691426667  0.4002810000  0.0770903333 -0.2295650000  0.4804000000  0.0385363333 -0.2584570000  0.3954740000  0.0280040000 
-0.2884010000  0.3616690000 -0.5468360000 -0.2784196667  0.3729373333 -0.3552226667 -0.2684383333  0.3842056667 -0.1636093333 -0.2584570000  0.3954740000  0.0280040000 -0.2495276667  0.4578633333 -0.3446903333 -0.2395463333  0.4691316667 -0.1530770000 -0.2295650000  0.4804000000  0.0385363333 -0.2106543333  0.5540576667 -0.1425446667 -0.2006730000  0.5653260000  0.0490686667 -0.1717810000  0.6502520000  0.0596010000 
0.0094860000 0.4098950000 0.1752630000 0.0678273333 0.4887916667 0.1328180000 0.1261686667 0.5676883333 0.0903730000 0.1845100000 0.6465850000 0.0479280000 -0.0509363333  0.4900140000  0.1367090000 0.0074050000 0.5689106667 0.0942640000 0.0657463333 0.6478073333 0.0518190000 -0.1113586667  0.5701330000  0.0981550000 -0.0530173333  0.6490296667  0.0557100000 -0.1717810000  0.6502520000  0.0596010000 
0.1845100000 0.6465850000 0.0479280000  0.1252376667  0.6639380000 -0.1979310000  0.0659653333  0.6812910000 -0.4437900000  0.0066930000  0.6986440000 -0.6896490000 0.0657463333 0.6478073333 0.0518190000  0.0064740000  0.6651603333 -0.1940400000 -0.0527983333  0.6825133333 -0.4398990000 -0.0530173333  0.6490296667  0.0557100000 -0.1122896667  0.6663826667 -0.1901490000 -0.1717810000  0.6502520000  0.0596010000 
0.1845100000 0.6465850000 0.0479280000  0.2098693333  0.6379950000 -0.1738886667  0.2352286667  0.6294050000 -0.3957053333  0.2605880000  0.6208150000 -0.6175220000  0.1252376667  0.6639380000 -0.1979310000  0.1505970000  0.6553480000 -0.4197476667  0.1759563333  0.6467580000 -0.6415643333  0.0659653333  0.6812910000 -0.4437900000  0.0913246667  0.6727010000 -0.6656066667  0.0066930000  0.6986440000 -0.6896490000 
0.1845100000 0.6465850000 0.0479280000  0.2163836667  0.5567640000 -0.1493296667  0.2482573333  0.4669430000 -0.3465873333  0.2801310000  0.3771220000 -0.5438450000  0.2098693333  0.6379950000 -0.1738886667  0.2417430000  0.5481740000 -0.3711463333  0.2736166667  0.4583530000 -0.5684040000  0.2352286667  0.6294050000 -0.3957053333  0.2671023333  0.5395840000 -0.5929630000  0.2605880000  0.6208150000 -0.6175220000 
 0.2801310000  0.3771220000 -0.5438450000  0.1855030000  0.3714456667 -0.6110943333  0.0908750000  0.3657693333 -0.6783436667 -0.0037530000  0.3600930000 -0.7455930000  0.2736166667  0.4583530000 -0.5684040000  0.1789886667  0.4526766667 -0.6356533333  0.0843606667  0.4470003333 -0.7029026667  0.2671023333  0.5395840000 -0.5929630000  0.1724743333  0.5339076667 -0.6602123333  0.2605880000  0.6208150000 -0.6175220000 
-0.1717810000  0.6502520000  0.0596010000 -0.1122896667  0.6663826667 -0.1901490000 -0.0527983333  0.6825133333 -0.4398990000  0.0066930000  0.6986440000 -0.6896490000 -0.1924646667  0.6383220000 -0.1704223333 -0.1329733333  0.6544526667 -0.4201723333 -0.0734820000  0.6705833333 -0.6699223333 -0.2131483333  0.6263920000 -0.4004456667 -0.1536570000  0.6425226667 -0.6501956667 -0.2338320000  0.6144620000 -0.6304690000 
-0.1717810000  0.6502520000  0.0596010000 -0.1924646667  0.6383220000 -0.1704223333 -0.2131483333  0.6263920000 -0.4004456667 -0.2338320000  0.6144620000 -0.6304690000 -0.2106543333  0.5540576667 -0.1425446667 -0.2313380000  0.5421276667 -0.3725680000 -0.2520216667  0.5301976667 -0.6025913333 -0.2495276667  0.4578633333 -0.3446903333 -0.2702113333  0.4459333333 -0.5747136667 -0.2884010000  0.3616690000 -0.5468360000 
-0.0037530000  0.3600930000 -0.7455930000 -0.0986356667  0.3606183333 -0.6793406667 -0.1935183333  0.3611436667 -0.6130883333 -0.2884010000  0.3616690000 -0.5468360000 -0.0804460000  0.4448826667 -0.7072183333 -0.1753286667  0.4454080000 -0.6409660000 -0.2702113333  0.4459333333 -0.5747136667 -0.1571390000  0.5296723333 -0.6688436667 -0.2520216667  0.5301976667 -0.6025913333 -0.2338320000  0.6144620000 -0.6304690000 
 0.2605880000  0.6208150000 -0.6175220000  0.1724743333  0.5339076667 -0.6602123333  0.0843606667  0.4470003333 -0.7029026667 -0.0037530000  0.3600930000 -0.7455930000  0.1759563333  0.6467580000 -0.6415643333  0.0878426667  0.5598506667 -0.6842546667 -0.0002710000  0.4729433333 -0.7269450000  0.0913246667  0.6727010000 -0.6656066667  0.0032110000  0.5857936667 -0.7082970000  0.0066930000  0.6986440000 -0.6896490000 
-0.2338320000  0.6144620000 -0.6304690000 -0.1536570000  0.6425226667 -0.6501956667 -0.0734820000  0.6705833333 -0.6699223333  0.0066930000  0.6986440000 -0.6896490000 -0.1571390000  0.5296723333 -0.6688436667 -0.0769640000  0.5577330000 -0.6885703333  0.0032110000  0.5857936667 -0.7082970000 -0.0804460000  0.4448826667 -0.7072183333 -0.0002710000  0.4729433333 -0.7269450000 -0.0037530000  0.3600930000 -0.7455930000 
