-60.7511180000 -61.2162440000 104.2765350000 -57.5551010000 -82.7228623333  66.6529590000  -54.3590840000 -104.2294806667   29.0293830000  -51.1630670000 -125.7360990000   -8.5941930000 -62.6172003333 -84.6247280000 117.6801656667  -59.4211833333 -106.1313463333   80.0565896667  -56.2251663333 -127.6379646667   42.4330136667  -64.4832826667 -108.0332120000  131.0837963333  -61.2872656667 -129.5398303333   93.4602203333  -66.3493650000 -131.4416960000  144.4874270000 
  6.8902510000 -72.6274410000  -8.5941930000  21.6478563333 -90.3303270000  -8.5941930000   36.4054616667 -108.0332130000   -8.5941930000   51.1630670000 -125.7360990000   -8.5941930000   6.8902496667 -90.3303270000  -8.5941930000   21.6478550000 -108.0332130000   -8.5941930000   36.4054603333 -125.7360990000   -8.5941930000    6.8902483333 -108.0332130000   -8.5941930000   21.6478536667 -125.7360990000   -8.5941930000    6.8902470000 -125.7360990000   -8.5941930000 
  51.1630670000 -125.7360990000   -8.5941930000   54.3590840000 -104.2294806667   29.0293830000  57.5551010000 -82.7228623333  66.6529590000  60.7511180000 -61.2162440000 104.2765350000   56.2251663333 -127.6379646667   42.4330136667   59.4211833333 -106.1313463333   80.0565896667  62.6172003333 -84.6247280000 117.6801656667   61.2872656667 -129.5398303333   93.4602203333   64.4832826667 -108.0332120000  131.0837963333   66.3493650000 -131.4416960000  144.4874270000 
-60.7511180000 -61.2162440000 104.2765350000 -40.5007453333 -40.6970650000  98.4803696667 -20.2503726667 -20.1778860000  92.6842043333  0.0000000000  0.3412930000 86.8880390000 -40.5007453333 -61.2162440000 104.2765350000 -20.2503726667 -40.6970650000  98.4803696667   0.0000000000 -20.1778860000  92.6842043333 -20.2503726667 -61.2162440000 104.2765350000   0.0000000000 -40.6970650000  98.4803696667   0.0000000000 -61.2162440000 104.2765350000 
  51.1630670000 -125.7360990000   -8.5941930000   34.1087113333 -127.6379646667   42.4330136667   17.0543556667 -129.5398303333   93.4602203333    0.0000000000 -131.4416960000  144.4874270000   36.4054603333 -125.7360990000   -8.5941930000   19.3511046667 -127.6379646667   42.4330136667    2.2967490000 -129.5398303333   93.4602203333   21.6478536667 -125.7360990000   -8.5941930000    4.5934980000 -127.6379646667   42.4330136667    6.8902470000 -125.7360990000   -8.5941930000 
-51.1630670000 -72.6274410000  -8.5941930000 -34.1087113333 -68.8237086667  29.0293830000 -17.0543556667 -65.0199763333  66.6529590000   0.0000000000 -61.2162440000 104.2765350000 -36.4054616667 -72.6274410000  -8.5941930000 -19.3511060000 -68.8237086667  29.0293830000  -2.2967503333 -65.0199763333  66.6529590000 -21.6478563333 -72.6274410000  -8.5941930000  -4.5935006667 -68.8237086667  29.0293830000  -6.8902510000 -72.6274410000  -8.5941930000 
 51.1630670000 -72.6274410000  -8.5941930000  34.1087113333 -68.8237086667  29.0293830000  17.0543556667 -65.0199763333  66.6529590000   0.0000000000 -61.2162440000 104.2765350000  54.3590840000 -68.8237086667  29.0293830000  37.3047283333 -65.0199763333  66.6529590000  20.2503726667 -61.2162440000 104.2765350000  57.5551010000 -65.0199763333  66.6529590000  40.5007453333 -61.2162440000 104.2765350000  60.7511180000 -61.2162440000 104.2765350000 
  0.0000000000 -61.2162440000 104.2765350000  -2.2967490000 -82.7228623333  66.6529590000   -4.5934980000 -104.2294806667   29.0293830000   -6.8902470000 -125.7360990000   -8.5941930000  -2.2967503333 -65.0199763333  66.6529590000  -4.5934993333 -86.5265946667  29.0293830000   -6.8902483333 -108.0332130000   -8.5941930000  -4.5935006667 -68.8237086667  29.0293830000  -6.8902496667 -90.3303270000  -8.5941930000  -6.8902510000 -72.6274410000  -8.5941930000 
 -51.1630670000 -125.7360990000   -8.5941930000  -34.1087113333 -127.6379646667   42.4330136667  -17.0543556667 -129.5398303333   93.4602203333    0.0000000000 -131.4416960000  144.4874270000  -56.2251663333 -127.6379646667   42.4330136667  -39.1708106667 -129.5398303333   93.4602203333  -22.1164550000 -131.4416960000  144.4874270000  -61.2872656667 -129.5398303333   93.4602203333  -44.2329100000 -131.4416960000  144.4874270000  -66.3493650000 -131.4416960000  144.4874270000 
  6.8902510000 135.5127870000  -8.5941930000  21.6478563333 117.8099010000  -8.5941930000  36.4054616667 100.1070150000  -8.5941930000 51.1630670000 82.4041290000 -8.5941930000   6.8902496667 117.8099010000  -8.5941930000  21.6478550000 100.1070150000  -8.5941930000 36.4054603333 82.4041290000 -8.5941930000   6.8902483333 100.1070150000  -8.5941930000 21.6478536667 82.4041290000 -8.5941930000  6.8902470000 82.4041290000 -8.5941930000 
  0.0000000000 -61.2162440000 104.2765350000   0.0000000000 -40.6970650000  98.4803696667   0.0000000000 -20.1778860000  92.6842043333  0.0000000000  0.3412930000 86.8880390000  20.2503726667 -61.2162440000 104.2765350000  20.2503726667 -40.6970650000  98.4803696667  20.2503726667 -20.1778860000  92.6842043333  40.5007453333 -61.2162440000 104.2765350000  40.5007453333 -40.6970650000  98.4803696667  60.7511180000 -61.2162440000 104.2765350000 
  0.0000000000 -61.2162440000 104.2765350000   2.2967490000 -82.7228623333  66.6529590000    4.5934980000 -104.2294806667   29.0293830000    6.8902470000 -125.7360990000   -8.5941930000   0.0000000000 -84.6247280000 117.6801656667    2.2967490000 -106.1313463333   80.0565896667    4.5934980000 -127.6379646667   42.4330136667    0.0000000000 -108.0332120000  131.0837963333    2.2967490000 -129.5398303333   93.4602203333    0.0000000000 -131.4416960000  144.4874270000 
-51.1630670000 -72.6274410000  -8.5941930000 -36.4054603333 -90.3303270000  -8.5941930000  -21.6478536667 -108.0332130000   -8.5941930000   -6.8902470000 -125.7360990000   -8.5941930000 -51.1630670000 -90.3303270000  -8.5941930000  -36.4054603333 -108.0332130000   -8.5941930000  -21.6478536667 -125.7360990000   -8.5941930000  -51.1630670000 -108.0332130000   -8.5941930000  -36.4054603333 -125.7360990000   -8.5941930000  -51.1630670000 -125.7360990000   -8.5941930000 
-51.1630670000  75.0683590000  86.8880390000 -51.1630670000  95.2165016667  55.0606283333 -51.1630670000 115.3646443333  23.2332176667 -51.1630670000 135.5127870000  -8.5941930000 -51.1630670000  77.5136156667  55.0606283333 -51.1630670000  97.6617583333  23.2332176667 -51.1630670000 117.8099010000  -8.5941930000 -51.1630670000  79.9588723333  23.2332176667 -51.1630670000 100.1070150000  -8.5941930000 -51.1630670000  82.4041290000  -8.5941930000 
 51.1630670000 135.5127870000  -8.5941930000  51.1630670000 115.3646443333  23.2332176667 51.1630670000 95.2165016667 55.0606283333 51.1630670000 75.0683590000 86.8880390000  51.1630670000 117.8099010000  -8.5941930000 51.1630670000 97.6617583333 23.2332176667 51.1630670000 77.5136156667 55.0606283333  51.1630670000 100.1070150000  -8.5941930000 51.1630670000 79.9588723333 23.2332176667 51.1630670000 82.4041290000 -8.5941930000 
 0.0000000000  0.3412930000 86.8880390000 -17.0543556667  25.2503150000  86.8880390000 -34.1087113333  50.1593370000  86.8880390000 -51.1630670000  75.0683590000  86.8880390000  0.0000000000 26.5424600000 85.9077913333 -17.0543556667  51.4514820000  85.9077913333 -34.1087113333  76.3605040000  85.9077913333  0.0000000000 52.7436270000 84.9275436667 -17.0543556667  77.6526490000  84.9275436667  0.0000000000 78.9447940000 83.9472960000 
 6.8902470000 82.4041290000 -8.5941930000 21.6478536667 79.9588723333 23.2332176667 36.4054603333 77.5136156667 55.0606283333 51.1630670000 75.0683590000 86.8880390000  4.5934980000 81.2510173333 22.2529700000 19.3511046667 78.8057606667 54.0803806667 34.1087113333 76.3605040000 85.9077913333  2.2967490000 80.0979056667 53.1001330000 17.0543556667 77.6526490000 84.9275436667  0.0000000000 78.9447940000 83.9472960000 
-51.1630670000 135.5127870000  -8.5941930000 -34.1087113333 138.7212526667  37.3976590000 -17.0543556667 141.9297183333  83.3895110000   0.0000000000 145.1381840000 129.3813630000 -36.4054616667 135.5127870000  -8.5941930000 -19.3511060000 138.7212526667  37.3976590000  -2.2967503333 141.9297183333  83.3895110000 -21.6478563333 135.5127870000  -8.5941930000  -4.5935006667 138.7212526667  37.3976590000  -6.8902510000 135.5127870000  -8.5941930000 
 51.1630670000 135.5127870000  -8.5941930000  34.1087113333 138.7212526667  37.3976590000  17.0543556667 141.9297183333  83.3895110000   0.0000000000 145.1381840000 129.3813630000  56.2251663333 137.5052186667  39.6254930000  39.1708106667 140.7136843333  85.6173450000  22.1164550000 143.9221500000 131.6091970000  61.2872656667 139.4976503333  87.8451790000  44.2329100000 142.7061160000 133.8370310000  66.3493650000 141.4900820000 136.0648650000 
 0.0000000000 78.9447940000 83.9472960000 -2.2967503333 97.8007916667 53.1001330000  -4.5935006667 116.6567893333  22.2529700000  -6.8902510000 135.5127870000  -8.5941930000   0.0000000000 101.0092573333  99.0919850000  -2.2967503333 119.8652550000  68.2448220000  -4.5935006667 138.7212526667  37.3976590000   0.0000000000 123.0737206667 114.2366740000  -2.2967503333 141.9297183333  83.3895110000   0.0000000000 145.1381840000 129.3813630000 
-6.8902470000 82.4041290000 -8.5941930000 -21.6478536667  79.9588723333  23.2332176667 -36.4054603333  77.5136156667  55.0606283333 -51.1630670000  75.0683590000  86.8880390000 -21.6478536667  82.4041290000  -8.5941930000 -36.4054603333  79.9588723333  23.2332176667 -51.1630670000  77.5136156667  55.0606283333 -36.4054603333  82.4041290000  -8.5941930000 -51.1630670000  79.9588723333  23.2332176667 -51.1630670000  82.4041290000  -8.5941930000 
51.1630670000 75.0683590000 86.8880390000 34.1087113333 50.1593370000 86.8880390000 17.0543556667 25.2503150000 86.8880390000  0.0000000000  0.3412930000 86.8880390000 34.1087113333 76.3605040000 85.9077913333 17.0543556667 51.4514820000 85.9077913333  0.0000000000 26.5424600000 85.9077913333 17.0543556667 77.6526490000 84.9275436667  0.0000000000 52.7436270000 84.9275436667  0.0000000000 78.9447940000 83.9472960000 
  6.8902510000 135.5127870000  -8.5941930000   4.5935006667 116.6567893333  22.2529700000  2.2967503333 97.8007916667 53.1001330000  0.0000000000 78.9447940000 83.9472960000   4.5935006667 138.7212526667  37.3976590000   2.2967503333 119.8652550000  68.2448220000   0.0000000000 101.0092573333  99.0919850000   2.2967503333 141.9297183333  83.3895110000   0.0000000000 123.0737206667 114.2366740000   0.0000000000 145.1381840000 129.3813630000 
-51.1630670000 135.5127870000  -8.5941930000 -36.4054603333 117.8099010000  -8.5941930000 -21.6478536667 100.1070150000  -8.5941930000 -6.8902470000 82.4041290000 -8.5941930000 -51.1630670000 117.8099010000  -8.5941930000 -36.4054603333 100.1070150000  -8.5941930000 -21.6478536667  82.4041290000  -8.5941930000 -51.1630670000 100.1070150000  -8.5941930000 -36.4054603333  82.4041290000  -8.5941930000 -51.1630670000  82.4041290000  -8.5941930000 
 0.0000000000  0.3412930000 86.8880390000 17.0543556667 25.2503150000 86.8880390000 34.1087113333 50.1593370000 86.8880390000 51.1630670000 75.0683590000 86.8880390000  20.2503726667 -20.1778860000  92.6842043333 37.3047283333  4.7311360000 92.6842043333 54.3590840000 29.6401580000 92.6842043333  40.5007453333 -40.6970650000  98.4803696667  57.5551010000 -15.7880430000  98.4803696667  60.7511180000 -61.2162440000 104.2765350000 
 0.0000000000  0.3412930000 86.8880390000 -20.2503726667 -20.1778860000  92.6842043333 -40.5007453333 -40.6970650000  98.4803696667 -60.7511180000 -61.2162440000 104.2765350000 -17.0543556667  25.2503150000  86.8880390000 -37.3047283333   4.7311360000  92.6842043333 -57.5551010000 -15.7880430000  98.4803696667 -34.1087113333  50.1593370000  86.8880390000 -54.3590840000  29.6401580000  92.6842043333 -51.1630670000  75.0683590000  86.8880390000 
-12.9244480000 158.9461060000 140.9987790000  -8.6162986667 157.8957063333 162.6980283333  -4.3081493333 156.8453066667 184.3972776667   0.0000000000 155.7949070000 206.0965270000  -4.3081493333 158.9461060000 140.9987790000   0.0000000000 157.8957063333 162.6980283333   4.3081493333 156.8453066667 184.3972776667   4.3081493333 158.9461060000 140.9987790000   8.6162986667 157.8957063333 162.6980283333  12.9244480000 158.9461060000 140.9987790000 
  0.0000000000 145.2049260000  49.0819440000  -4.2822923333 150.0667726667  49.4851663333  -8.5645846667 154.9286193333  49.8883886667 -12.8468770000 159.7904660000  50.2916110000   4.2822923333 150.0667726667  49.4851663333   0.0000000000 154.9286193333  49.8883886667  -4.2822923333 159.7904660000  50.2916110000   8.5645846667 154.9286193333  49.8883886667   4.2822923333 159.7904660000  50.2916110000  12.8468770000 159.7904660000  50.2916110000 
  0.0000000000 145.2049260000  49.0819440000   0.0000000000 145.1826786667  75.8484170000   0.0000000000 145.1604313333 102.6148900000   0.0000000000 145.1381840000 129.3813630000  -4.2822923333 150.0667726667  49.4851663333  -4.2822923333 150.0445253333  76.2516393333  -4.2822923333 150.0222780000 103.0181123333  -8.5645846667 154.9286193333  49.8883886667  -8.5645846667 154.9063720000  76.6548616667 -12.8468770000 159.7904660000  50.2916110000 
-12.9244480000 158.9461060000 140.9987790000 -12.8985910000 159.2275593333 110.7630563333 -12.8727340000 159.5090126667  80.5273336667 -12.8468770000 159.7904660000  50.2916110000  -8.6162986667 154.3434653333 137.1263070000  -8.5904416667 154.6249186667 106.8905843333  -8.5645846667 154.9063720000  76.6548616667  -4.3081493333 149.7408246667 133.2538350000  -4.2822923333 150.0222780000 103.0181123333   0.0000000000 145.1381840000 129.3813630000 
 12.9244480000 158.9461060000 140.9987790000   8.6162986667 154.3434653333 137.1263070000   4.3081493333 149.7408246667 133.2538350000   0.0000000000 145.1381840000 129.3813630000  12.8985910000 159.2275593333 110.7630563333   8.5904416667 154.6249186667 106.8905843333   4.2822923333 150.0222780000 103.0181123333  12.8727340000 159.5090126667  80.5273336667   8.5645846667 154.9063720000  76.6548616667  12.8468770000 159.7904660000  50.2916110000 
  0.0000000000 145.2049260000  49.0819440000   4.2822923333 150.0667726667  49.4851663333   8.5645846667 154.9286193333  49.8883886667  12.8468770000 159.7904660000  50.2916110000   0.0000000000 145.1826786667  75.8484170000   4.2822923333 150.0445253333  76.2516393333   8.5645846667 154.9063720000  76.6548616667   0.0000000000 145.1604313333 102.6148900000   4.2822923333 150.0222780000 103.0181123333   0.0000000000 145.1381840000 129.3813630000 
 12.8468770000 159.7904660000  50.2916110000   4.2564353333 159.5090126667  80.5273336667  -4.3340063333 159.2275593333 110.7630563333 -12.9244480000 158.9461060000 140.9987790000  12.8727340000 159.5090126667  80.5273336667   4.2822923333 159.2275593333 110.7630563333  -4.3081493333 158.9461060000 140.9987790000  12.8985910000 159.2275593333 110.7630563333   4.3081493333 158.9461060000 140.9987790000  12.9244480000 158.9461060000 140.9987790000 
51.1630670000 75.0683590000 86.8880390000  56.2251663333  97.2089333333 103.2803143333  61.2872656667 119.3495076667 119.6725896667  66.3493650000 141.4900820000 136.0648650000  59.9267300000  52.9053710000 125.3214876667  64.9888293333  75.0459453333 141.7137630000  70.0509286667  97.1865196667 158.1060383333  68.6903930000  30.7423830000 163.7549363333  73.7524923333  52.8829573333 180.1472116667  77.4540560000   8.5793950000 202.1883850000 
51.1630670000 75.0683590000 86.8880390000  59.9267300000  52.9053710000 125.3214876667  68.6903930000  30.7423830000 163.7549363333  77.4540560000   8.5793950000 202.1883850000 54.3590840000 29.6401580000 92.6842043333  63.1227470000   7.4771700000 131.1176530000  71.8864100000 -14.6858180000 169.5511016667  57.5551010000 -15.7880430000  98.4803696667  66.3187640000 -37.9510310000 136.9138183333  60.7511180000 -61.2162440000 104.2765350000 
  66.3493650000 -131.4416960000  144.4874270000   64.4832826667 -108.0332120000  131.0837963333  62.6172003333 -84.6247280000 117.6801656667  60.7511180000 -61.2162440000 104.2765350000  70.0509286667 -84.7679990000 163.7210796667  68.1848463333 -61.3595150000 150.3174490000  66.3187640000 -37.9510310000 136.9138183333  73.7524923333 -38.0943020000 182.9547323333  71.8864100000 -14.6858180000 169.5511016667  77.4540560000   8.5793950000 202.1883850000 
-66.3493650000 141.4900820000 136.0648650000 -61.2872656667 119.3495076667 119.6725896667 -56.2251663333  97.2089333333 103.2803143333 -51.1630670000  75.0683590000  86.8880390000 -70.0509286667  97.1865196667 158.1060383333 -64.9888293333  75.0459453333 141.7137630000 -59.9267300000  52.9053710000 125.3214876667 -73.7524923333  52.8829573333 180.1472116667 -68.6903930000  30.7423830000 163.7549363333 -77.4540560000   8.5793950000 202.1883850000 
-60.7511180000 -61.2162440000 104.2765350000 -66.3187640000 -37.9510310000 136.9138183333 -71.8864100000 -14.6858180000 169.5511016667 -77.4540560000   8.5793950000 202.1883850000 -57.5551010000 -15.7880430000  98.4803696667 -63.1227470000   7.4771700000 131.1176530000 -68.6903930000  30.7423830000 163.7549363333 -54.3590840000  29.6401580000  92.6842043333 -59.9267300000  52.9053710000 125.3214876667 -51.1630670000  75.0683590000  86.8880390000 
-60.7511180000 -61.2162440000 104.2765350000 -62.6172003333 -84.6247280000 117.6801656667  -64.4832826667 -108.0332120000  131.0837963333  -66.3493650000 -131.4416960000  144.4874270000 -66.3187640000 -37.9510310000 136.9138183333 -68.1848463333 -61.3595150000 150.3174490000 -70.0509286667 -84.7679990000 163.7210796667 -71.8864100000 -14.6858180000 169.5511016667 -73.7524923333 -38.0943020000 182.9547323333 -77.4540560000   8.5793950000 202.1883850000 
  0.0000000000 145.1381840000 129.3813630000   4.8238820000 143.4715730000 155.2825776667   9.6477640000 141.8049620000 181.1837923333  14.4716460000 140.1383510000 207.0850070000  22.1164550000 143.9221500000 131.6091970000  26.9403370000 142.2555390000 157.5104116667  31.7642190000 140.5889280000 183.4116263333  44.2329100000 142.7061160000 133.8370310000  49.0567920000 141.0395050000 159.7382456667  66.3493650000 141.4900820000 136.0648650000 
-66.3493650000 141.4900820000 136.0648650000 -49.0567920000 141.0395050000 159.7382456667 -31.7642190000 140.5889280000 183.4116263333 -14.4716460000 140.1383510000 207.0850070000 -44.2329100000 142.7061160000 133.8370310000 -26.9403370000 142.2555390000 157.5104116667  -9.6477640000 141.8049620000 181.1837923333 -22.1164550000 143.9221500000 131.6091970000  -4.8238820000 143.4715730000 155.2825776667   0.0000000000 145.1381840000 129.3813630000 
-12.9244480000 158.9461060000 140.9987790000  -8.6162986667 154.3434653333 137.1263070000  -4.3081493333 149.7408246667 133.2538350000   0.0000000000 145.1381840000 129.3813630000 -13.4401806667 152.6768543333 163.0275216667  -9.1320313333 148.0742136667 159.1550496667  -4.8238820000 143.4715730000 155.2825776667 -13.9559133333 146.4076026667 185.0562643333  -9.6477640000 141.8049620000 181.1837923333 -14.4716460000 140.1383510000 207.0850070000 
 12.9244480000 158.9461060000 140.9987790000  13.4401806667 152.6768543333 163.0275216667  13.9559133333 146.4076026667 185.0562643333  14.4716460000 140.1383510000 207.0850070000   8.6162986667 154.3434653333 137.1263070000   9.1320313333 148.0742136667 159.1550496667   9.6477640000 141.8049620000 181.1837923333   4.3081493333 149.7408246667 133.2538350000   4.8238820000 143.4715730000 155.2825776667   0.0000000000 145.1381840000 129.3813630000 
 12.9244480000 158.9461060000 140.9987790000   8.6162986667 157.8957063333 162.6980283333   4.3081493333 156.8453066667 184.3972776667   0.0000000000 155.7949070000 206.0965270000  13.4401806667 152.6768543333 163.0275216667   9.1320313333 151.6264546667 184.7267710000   4.8238820000 150.5760550000 206.4260203333  13.9559133333 146.4076026667 185.0562643333   9.6477640000 145.3572030000 206.7555136667  14.4716460000 140.1383510000 207.0850070000 
  0.0000000000 155.7949070000 206.0965270000  -4.3081493333 156.8453066667 184.3972776667  -8.6162986667 157.8957063333 162.6980283333 -12.9244480000 158.9461060000 140.9987790000  -4.8238820000 150.5760550000 206.4260203333  -9.1320313333 151.6264546667 184.7267710000 -13.4401806667 152.6768543333 163.0275216667  -9.6477640000 145.3572030000 206.7555136667 -13.9559133333 146.4076026667 185.0562643333 -14.4716460000 140.1383510000 207.0850070000 
-77.4540560000   8.5793950000 202.1883850000 -73.7524923333 -38.0943020000 182.9547323333 -70.0509286667 -84.7679990000 163.7210796667  -66.3493650000 -131.4416960000  144.4874270000 -73.7975033333 -29.4343720000 209.3975983333 -70.0959396667 -76.1080690000 190.1639456667  -66.3943760000 -122.7817660000  170.9302930000 -70.1409506667 -67.4481390000 216.6068116667  -66.4393870000 -114.1218360000  197.3731590000  -66.4843980000 -105.4619060000  223.8160250000 
 77.4540560000   8.5793950000 202.1883850000  73.7975033333 -29.4343720000 209.3975983333  70.1409506667 -67.4481390000 216.6068116667   66.4843980000 -105.4619060000  223.8160250000  73.7524923333 -38.0943020000 182.9547323333  70.0959396667 -76.1080690000 190.1639456667   66.4393870000 -114.1218360000  197.3731590000  70.0509286667 -84.7679990000 163.7210796667   66.3943760000 -122.7817660000  170.9302930000   66.3493650000 -131.4416960000  144.4874270000 
-14.4716460000 140.1383510000 207.0850070000 -31.7642190000 140.5889280000 183.4116263333 -49.0567920000 141.0395050000 159.7382456667 -66.3493650000 141.4900820000 136.0648650000 -28.2093293333 122.7049176667 225.3478700000 -45.5019023333 123.1554946667 201.6744893333 -62.7944753333 123.6060716667 178.0011086667 -41.9470126667 105.2714843333 243.6107330000 -59.2395856667 105.7220613333 219.9373523333 -55.6846960000  87.8380510000 261.8735960000 
-77.4540560000   8.5793950000 202.1883850000 -70.1976026667  34.9989470000 222.0834553333 -62.9411493333  61.4184990000 241.9785256667 -55.6846960000  87.8380510000 261.8735960000 -73.7524923333  52.8829573333 180.1472116667 -66.4960390000  79.3025093333 200.0422820000 -59.2395856667 105.7220613333 219.9373523333 -70.0509286667  97.1865196667 158.1060383333 -62.7944753333 123.6060716667 178.0011086667 -66.3493650000 141.4900820000 136.0648650000 
 14.4716460000 140.1383510000 207.0850070000  28.2093293333 122.7049176667 225.3478700000  41.9470126667 105.2714843333 243.6107330000  55.6846960000  87.8380510000 261.8735960000  31.7642190000 140.5889280000 183.4116263333  45.5019023333 123.1554946667 201.6744893333  59.2395856667 105.7220613333 219.9373523333  49.0567920000 141.0395050000 159.7382456667  62.7944753333 123.6060716667 178.0011086667  66.3493650000 141.4900820000 136.0648650000 
 77.4540560000   8.5793950000 202.1883850000  73.7524923333  52.8829573333 180.1472116667  70.0509286667  97.1865196667 158.1060383333  66.3493650000 141.4900820000 136.0648650000  70.1976026667  34.9989470000 222.0834553333  66.4960390000  79.3025093333 200.0422820000  62.7944753333 123.6060716667 178.0011086667  62.9411493333  61.4184990000 241.9785256667  59.2395856667 105.7220613333 219.9373523333  55.6846960000  87.8380510000 261.8735960000 
-14.4716460000 140.1383510000 207.0850070000  -9.6477640000 140.5988156667 219.3590243333  -4.8238820000 141.0592803333 231.6330416667   0.0000000000 141.5197450000 243.9070590000  -9.6477640000 145.3572030000 206.7555136667  -4.8238820000 145.8176676667 219.0295310000   0.0000000000 146.2781323333 231.3035483333  -4.8238820000 150.5760550000 206.4260203333   0.0000000000 151.0365196667 218.7000376667   0.0000000000 155.7949070000 206.0965270000 
 14.4716460000 140.1383510000 207.0850070000   9.6477640000 145.3572030000 206.7555136667   4.8238820000 150.5760550000 206.4260203333   0.0000000000 155.7949070000 206.0965270000   9.6477640000 140.5988156667 219.3590243333   4.8238820000 145.8176676667 219.0295310000   0.0000000000 151.0365196667 218.7000376667   4.8238820000 141.0592803333 231.6330416667   0.0000000000 146.2781323333 231.3035483333   0.0000000000 141.5197450000 243.9070590000 
-55.6846960000  87.8380510000 261.8735960000 -37.1231306667 105.7319490000 255.8847503333 -18.5615653333 123.6258470000 249.8959046667   0.0000000000 141.5197450000 243.9070590000 -41.9470126667 105.2714843333 243.6107330000 -23.3854473333 123.1653823333 237.6218873333  -4.8238820000 141.0592803333 231.6330416667 -28.2093293333 122.7049176667 225.3478700000  -9.6477640000 140.5988156667 219.3590243333 -14.4716460000 140.1383510000 207.0850070000 
 55.6846960000  87.8380510000 261.8735960000  41.9470126667 105.2714843333 243.6107330000  28.2093293333 122.7049176667 225.3478700000  14.4716460000 140.1383510000 207.0850070000  37.1231306667 105.7319490000 255.8847503333  23.3854473333 123.1653823333 237.6218873333   9.6477640000 140.5988156667 219.3590243333  18.5615653333 123.6258470000 249.8959046667   4.8238820000 141.0592803333 231.6330416667   0.0000000000 141.5197450000 243.9070590000 
  0.0000000000 141.5197450000 243.9070590000 -18.5615653333 123.6258470000 249.8959046667 -37.1231306667 105.7319490000 255.8847503333 -55.6846960000  87.8380510000 261.8735960000  18.5615653333 123.6258470000 249.8959046667   0.0000000000 105.7319490000 255.8847503333 -18.5615653333  87.8380510000 261.8735960000  37.1231306667 105.7319490000 255.8847503333  18.5615653333  87.8380510000 261.8735960000  55.6846960000  87.8380510000 261.8735960000 
 55.6846960000  87.8380510000 261.8735960000  18.5615653333  87.8380510000 261.8735960000 -18.5615653333  87.8380510000 261.8735960000 -55.6846960000  87.8380510000 261.8735960000  37.1231306667  50.9632366667 267.4751483333   0.0000000000  50.9632366667 267.4751483333 -37.1231306667  50.9632366667 267.4751483333  18.5615653333  14.0884223333 273.0767006667 -18.5615653333  14.0884223333 273.0767006667   0.0000000000 -22.7863920000 278.6782530000 
-55.6832390000  -9.8253890000 261.9760740000 -55.6837246667  22.7290910000 261.9419146667 -55.6842103333  55.2835710000 261.9077553333 -55.6846960000  87.8380510000 261.8735960000 -62.9401780000  -3.6904610000 242.0468443333 -62.9406636667  28.8640190000 242.0126850000 -62.9411493333  61.4184990000 241.9785256667 -70.1971170000   2.4444670000 222.1176146667 -70.1976026667  34.9989470000 222.0834553333 -77.4540560000   8.5793950000 202.1883850000 
 77.4540560000   8.5793950000 202.1883850000  70.1976026667  34.9989470000 222.0834553333  62.9411493333  61.4184990000 241.9785256667  55.6846960000  87.8380510000 261.8735960000  70.1971170000   2.4444670000 222.1176146667  62.9406636667  28.8640190000 242.0126850000  55.6842103333  55.2835710000 261.9077553333  62.9401780000  -3.6904610000 242.0468443333  55.6837246667  22.7290910000 261.9419146667  55.6832390000  -9.8253890000 261.9760740000 
 -66.4843980000 -105.4619060000  223.8160250000 -62.8840116667 -73.5830670000 236.5360413333 -59.2836253333 -41.7042280000 249.2560576667 -55.6832390000  -9.8253890000 261.9760740000 -70.1409506667 -67.4481390000 216.6068116667 -66.5405643333 -35.5693000000 229.3268280000 -62.9401780000  -3.6904610000 242.0468443333 -73.7975033333 -29.4343720000 209.3975983333 -70.1971170000   2.4444670000 222.1176146667 -77.4540560000   8.5793950000 202.1883850000 
  66.4843980000 -105.4619060000  223.8160250000  70.1409506667 -67.4481390000 216.6068116667  73.7975033333 -29.4343720000 209.3975983333  77.4540560000   8.5793950000 202.1883850000  62.8840116667 -73.5830670000 236.5360413333  66.5405643333 -35.5693000000 229.3268280000  70.1971170000   2.4444670000 222.1176146667  59.2836253333 -41.7042280000 249.2560576667  62.9401780000  -3.6904610000 242.0468443333  55.6832390000  -9.8253890000 261.9760740000 
-55.6846960000  87.8380510000 261.8735960000 -55.6842103333  55.2835710000 261.9077553333 -55.6837246667  22.7290910000 261.9419146667 -55.6832390000  -9.8253890000 261.9760740000 -37.1231306667  50.9632366667 267.4751483333 -37.1226450000  18.4087566667 267.5093076667 -37.1221593333 -14.1457233333 267.5434670000 -18.5615653333  14.0884223333 273.0767006667 -18.5610796667 -18.4660576667 273.1108600000   0.0000000000 -22.7863920000 278.6782530000 
 55.6846960000  87.8380510000 261.8735960000  37.1231306667  50.9632366667 267.4751483333  18.5615653333  14.0884223333 273.0767006667   0.0000000000 -22.7863920000 278.6782530000  55.6842103333  55.2835710000 261.9077553333  37.1226450000  18.4087566667 267.5093076667  18.5610796667 -18.4660576667 273.1108600000  55.6837246667  22.7290910000 261.9419146667  37.1221593333 -14.1457233333 267.5434670000  55.6832390000  -9.8253890000 261.9760740000 
-55.6832390000  -9.8253890000 261.9760740000 -59.2836253333 -41.7042280000 249.2560576667 -62.8840116667 -73.5830670000 236.5360413333  -66.4843980000 -105.4619060000  223.8160250000 -45.1055616667 -40.4889926667 268.8399146667 -48.7059480000 -72.3678316667 256.1198983333  -52.3063343333 -104.2466706667  243.3998820000 -34.5278843333 -71.1525963333 275.7037553333  -38.1282706667 -103.0314353333  262.9837390000  -23.9502070000 -101.8162000000  282.5675960000 
-55.6832390000  -9.8253890000 261.9760740000 -45.1055616667 -40.4889926667 268.8399146667 -34.5278843333 -71.1525963333 275.7037553333  -23.9502070000 -101.8162000000  282.5675960000 -37.1221593333 -14.1457233333 267.5434670000 -26.5444820000 -44.8093270000 274.4073076667 -15.9668046667 -75.4729306667 281.2711483333 -18.5610796667 -18.4660576667 273.1108600000  -7.9834023333 -49.1296613333 279.9747006667   0.0000000000 -22.7863920000 278.6782530000 
 55.6832390000  -9.8253890000 261.9760740000  37.1221593333 -14.1457233333 267.5434670000  18.5610796667 -18.4660576667 273.1108600000   0.0000000000 -22.7863920000 278.6782530000  45.1055616667 -40.4889926667 268.8399146667  26.5444820000 -44.8093270000 274.4073076667   7.9834023333 -49.1296613333 279.9747006667  34.5278843333 -71.1525963333 275.7037553333  15.9668046667 -75.4729306667 281.2711483333   23.9502070000 -101.8162000000  282.5675960000 
 55.6832390000  -9.8253890000 261.9760740000  45.1055616667 -40.4889926667 268.8399146667  34.5278843333 -71.1525963333 275.7037553333   23.9502070000 -101.8162000000  282.5675960000  59.2836253333 -41.7042280000 249.2560576667  48.7059480000 -72.3678316667 256.1198983333   38.1282706667 -103.0314353333  262.9837390000  62.8840116667 -73.5830670000 236.5360413333   52.3063343333 -104.2466706667  243.3998820000   66.4843980000 -105.4619060000  223.8160250000 
 -23.9502070000 -101.8162000000  282.5675960000   -7.9834023333 -101.8162000000  282.5675960000    7.9834023333 -101.8162000000  282.5675960000   23.9502070000 -101.8162000000  282.5675960000 -15.9668046667 -75.4729306667 281.2711483333   0.0000000000 -75.4729306667 281.2711483333  15.9668046667 -75.4729306667 281.2711483333  -7.9834023333 -49.1296613333 279.9747006667   7.9834023333 -49.1296613333 279.9747006667   0.0000000000 -22.7863920000 278.6782530000 
 -66.4843980000 -105.4619060000  223.8160250000  -66.4393870000 -114.1218360000  197.3731590000  -66.3943760000 -122.7817660000  170.9302930000  -66.3493650000 -131.4416960000  144.4874270000 -84.3529816667 -81.3255636667 222.4030916667 -84.3079706667 -89.9854936667 195.9602256667 -84.2629596667 -98.6454236667 169.5173596667 -102.2215653333  -57.1892213333  220.9901583333 -102.1765543333  -65.8491513333  194.5472923333 -120.0901490000  -33.0528790000  219.5772250000 
  66.4843980000 -105.4619060000  223.8160250000  84.3529816667 -81.3255636667 222.4030916667 102.2215653333 -57.1892213333 220.9901583333 120.0901490000 -33.0528790000 219.5772250000   66.4393870000 -114.1218360000  197.3731590000  84.3079706667 -89.9854936667 195.9602256667 102.1765543333 -65.8491513333 194.5472923333   66.3943760000 -122.7817660000  170.9302930000  84.2629596667 -98.6454236667 169.5173596667   66.3493650000 -131.4416960000  144.4874270000 
120.0901490000 -33.0528790000 219.5772250000 102.2215653333 -57.1892213333 220.9901583333  84.3529816667 -81.3255636667 222.4030916667   66.4843980000 -105.4619060000  223.8160250000 104.8921330000 -42.2055610000 238.9750470000  87.0235493333 -66.3419033333 240.3879803333  69.1549656667 -90.4782456667 241.8009136667  89.6941170000 -51.3582430000 258.3728690000  71.8255333333 -75.4945853333 259.7858023333  74.4961010000 -60.5109250000 277.7706910000 
-120.0901490000  -33.0528790000  219.5772250000 -104.8921330000  -42.2055610000  238.9750470000 -89.6941170000 -51.3582430000 258.3728690000 -74.4961010000 -60.5109250000 277.7706910000 -102.2215653333  -57.1892213333  220.9901583333 -87.0235493333 -66.3419033333 240.3879803333 -71.8255333333 -75.4945853333 259.7858023333 -84.3529816667 -81.3255636667 222.4030916667 -69.1549656667 -90.4782456667 241.8009136667  -66.4843980000 -105.4619060000  223.8160250000 
 -23.9502070000 -101.8162000000  282.5675960000  -38.1282706667 -103.0314353333  262.9837390000  -52.3063343333 -104.2466706667  243.3998820000  -66.4843980000 -105.4619060000  223.8160250000 -40.7988383333 -88.0477750000 280.9686276667 -54.9769020000 -89.2630103333 261.3847706667 -69.1549656667 -90.4782456667 241.8009136667 -57.6474696667 -74.2793500000 279.3696593333 -71.8255333333 -75.4945853333 259.7858023333 -74.4961010000 -60.5109250000 277.7706910000 
  23.9502070000 -101.8162000000  282.5675960000  40.7988383333 -88.0477750000 280.9686276667  57.6474696667 -74.2793500000 279.3696593333  74.4961010000 -60.5109250000 277.7706910000   38.1282706667 -103.0314353333  262.9837390000  54.9769020000 -89.2630103333 261.3847706667  71.8255333333 -75.4945853333 259.7858023333   52.3063343333 -104.2466706667  243.3998820000  69.1549656667 -90.4782456667 241.8009136667   66.4843980000 -105.4619060000  223.8160250000 
  66.3493650000 -131.4416960000  144.4874270000   44.2329100000 -156.4888303333  138.9215876667   22.1164550000 -181.5359646667  133.3557483333    0.0000000000 -206.5830990000  127.7899090000   44.2329100000 -131.4416960000  144.4874270000   22.1164550000 -156.4888303333  138.9215876667    0.0000000000 -181.5359646667  133.3557483333   22.1164550000 -131.4416960000  144.4874270000    0.0000000000 -156.4888303333  138.9215876667    0.0000000000 -131.4416960000  144.4874270000 
   0.0000000000 -131.4416960000  144.4874270000    0.0000000000 -156.4888303333  138.9215876667    0.0000000000 -181.5359646667  133.3557483333    0.0000000000 -206.5830990000  127.7899090000  -22.1164550000 -131.4416960000  144.4874270000  -22.1164550000 -156.4888303333  138.9215876667  -22.1164550000 -181.5359646667  133.3557483333  -44.2329100000 -131.4416960000  144.4874270000  -44.2329100000 -156.4888303333  138.9215876667  -66.3493650000 -131.4416960000  144.4874270000 
   0.0000000000 -206.5830990000  127.7899090000  -23.6383846667 -188.8619330000  132.7528583333  -47.2767693333 -171.1407670000  137.7158076667  -70.9151540000 -153.4196010000  142.6787570000  -22.1164550000 -181.5359646667  133.3557483333  -45.7548396667 -163.8147986667  138.3186976667  -69.3932243333 -146.0936326667  143.2816470000  -44.2329100000 -156.4888303333  138.9215876667  -67.8712946667 -138.7676643333  143.8845370000  -66.3493650000 -131.4416960000  144.4874270000 
   0.0000000000 -206.5830990000  127.7899090000   22.1164550000 -181.5359646667  133.3557483333   44.2329100000 -156.4888303333  138.9215876667   66.3493650000 -131.4416960000  144.4874270000   23.6383846667 -188.8619330000  132.7528583333   45.7548396667 -163.8147986667  138.3186976667   67.8712946667 -138.7676643333  143.8845370000   47.2767693333 -171.1407670000  137.7158076667   69.3932243333 -146.0936326667  143.2816470000   70.9151540000 -153.4196010000  142.6787570000 
120.0901490000 -33.0528790000 219.5772250000 103.6984840000 -73.1751196667 193.9444023333   87.3068190000 -113.2973603333  168.3115796667   70.9151540000 -153.4196010000  142.6787570000 102.1765543333 -65.8491513333 194.5472923333   85.7848893333 -105.9713920000  168.9144696667   69.3932243333 -146.0936326667  143.2816470000  84.2629596667 -98.6454236667 169.5173596667   67.8712946667 -138.7676643333  143.8845370000   66.3493650000 -131.4416960000  144.4874270000 
-120.0901490000  -33.0528790000  219.5772250000 -102.1765543333  -65.8491513333  194.5472923333 -84.2629596667 -98.6454236667 169.5173596667  -66.3493650000 -131.4416960000  144.4874270000 -103.6984840000  -73.1751196667  193.9444023333  -85.7848893333 -105.9713920000  168.9144696667  -67.8712946667 -138.7676643333  143.8845370000  -87.3068190000 -113.2973603333  168.3115796667  -69.3932243333 -146.0936326667  143.2816470000  -70.9151540000 -153.4196010000  142.6787570000 
  70.9151540000 -153.4196010000  142.6787570000   87.3068190000 -113.2973603333  168.3115796667 103.6984840000 -73.1751196667 193.9444023333 120.0901490000 -33.0528790000 219.5772250000   90.9426780000 -126.3932290000  170.4153393333 107.3343430000 -86.2709883333 196.0481620000 123.7260080000 -46.1487476667 221.6809846667 110.9702020000 -99.3668570000 198.1519216667 127.3618670000 -59.2446163333 223.7847443333 130.9977260000 -72.3404850000 225.8885040000 
 -70.9151540000 -153.4196010000  142.6787570000  -90.9426780000 -126.3932290000  170.4153393333 -110.9702020000  -99.3668570000  198.1519216667 -130.9977260000  -72.3404850000  225.8885040000  -87.3068190000 -113.2973603333  168.3115796667 -107.3343430000  -86.2709883333  196.0481620000 -127.3618670000  -59.2446163333  223.7847443333 -103.6984840000  -73.1751196667  193.9444023333 -123.7260080000  -46.1487476667  221.6809846667 -120.0901490000  -33.0528790000  219.5772250000 
130.9977260000 -72.3404850000 225.8885040000 127.3618670000 -59.2446163333 223.7847443333 123.7260080000 -46.1487476667 221.6809846667 120.0901490000 -33.0528790000 219.5772250000 120.5518973333 -80.5200376667 246.9992370000 116.9160383333 -67.4241690000 244.8954773333 113.2801793333 -54.3283003333 242.7917176667 110.1060686667 -88.6995903333 268.1099700000 106.4702096667 -75.6037216667 266.0062103333  99.6602400000 -96.8791430000 289.2207030000 
 74.4961010000 -60.5109250000 277.7706910000  57.6474696667 -74.2793500000 279.3696593333  40.7988383333 -88.0477750000 280.9686276667   23.9502070000 -101.8162000000  282.5675960000  82.8841473333 -72.6336643333 281.5873616667  66.0355160000 -86.4020893333 283.1863300000   49.1868846667 -100.1705143333  284.7852983333  91.2721936667 -84.7564036667 285.4040323333  74.4235623333 -98.5248286667 287.0030006667  99.6602400000 -96.8791430000 289.2207030000 
-60.7511180000 -61.2162440000 104.2765350000 -57.5551010000 -65.0199763333  66.6529590000 -54.3590840000 -68.8237086667  29.0293830000 -51.1630670000 -72.6274410000  -8.5941930000 -57.5551010000 -82.7228623333  66.6529590000 -54.3590840000 -86.5265946667  29.0293830000 -51.1630670000 -90.3303270000  -8.5941930000  -54.3590840000 -104.2294806667   29.0293830000  -51.1630670000 -108.0332130000   -8.5941930000  -51.1630670000 -125.7360990000   -8.5941930000 
  6.8902510000 -72.6274410000  -8.5941930000  21.6478563333 -72.6274410000  -8.5941930000  36.4054616667 -72.6274410000  -8.5941930000  51.1630670000 -72.6274410000  -8.5941930000  21.6478563333 -90.3303270000  -8.5941930000  36.4054616667 -90.3303270000  -8.5941930000  51.1630670000 -90.3303270000  -8.5941930000   36.4054616667 -108.0332130000   -8.5941930000   51.1630670000 -108.0332130000   -8.5941930000   51.1630670000 -125.7360990000   -8.5941930000 
  51.1630670000 -125.7360990000   -8.5941930000   51.1630670000 -108.0332130000   -8.5941930000  51.1630670000 -90.3303270000  -8.5941930000  51.1630670000 -72.6274410000  -8.5941930000   54.3590840000 -104.2294806667   29.0293830000  54.3590840000 -86.5265946667  29.0293830000  54.3590840000 -68.8237086667  29.0293830000  57.5551010000 -82.7228623333  66.6529590000  57.5551010000 -65.0199763333  66.6529590000  60.7511180000 -61.2162440000 104.2765350000 
  51.1630670000 -125.7360990000   -8.5941930000   56.2251663333 -127.6379646667   42.4330136667   61.2872656667 -129.5398303333   93.4602203333   66.3493650000 -131.4416960000  144.4874270000   34.1087113333 -127.6379646667   42.4330136667   39.1708106667 -129.5398303333   93.4602203333   44.2329100000 -131.4416960000  144.4874270000   17.0543556667 -129.5398303333   93.4602203333   22.1164550000 -131.4416960000  144.4874270000    0.0000000000 -131.4416960000  144.4874270000 
-51.1630670000 -72.6274410000  -8.5941930000 -54.3590840000 -68.8237086667  29.0293830000 -57.5551010000 -65.0199763333  66.6529590000 -60.7511180000 -61.2162440000 104.2765350000 -34.1087113333 -68.8237086667  29.0293830000 -37.3047283333 -65.0199763333  66.6529590000 -40.5007453333 -61.2162440000 104.2765350000 -17.0543556667 -65.0199763333  66.6529590000 -20.2503726667 -61.2162440000 104.2765350000   0.0000000000 -61.2162440000 104.2765350000 
 51.1630670000 -72.6274410000  -8.5941930000  36.4054616667 -72.6274410000  -8.5941930000  21.6478563333 -72.6274410000  -8.5941930000   6.8902510000 -72.6274410000  -8.5941930000  34.1087113333 -68.8237086667  29.0293830000  19.3511060000 -68.8237086667  29.0293830000   4.5935006667 -68.8237086667  29.0293830000  17.0543556667 -65.0199763333  66.6529590000   2.2967503333 -65.0199763333  66.6529590000   0.0000000000 -61.2162440000 104.2765350000 
  0.0000000000 -61.2162440000 104.2765350000   0.0000000000 -84.6247280000 117.6801656667    0.0000000000 -108.0332120000  131.0837963333    0.0000000000 -131.4416960000  144.4874270000  -2.2967490000 -82.7228623333  66.6529590000   -2.2967490000 -106.1313463333   80.0565896667   -2.2967490000 -129.5398303333   93.4602203333   -4.5934980000 -104.2294806667   29.0293830000   -4.5934980000 -127.6379646667   42.4330136667   -6.8902470000 -125.7360990000   -8.5941930000 
 -51.1630670000 -125.7360990000   -8.5941930000  -36.4054603333 -125.7360990000   -8.5941930000  -21.6478536667 -125.7360990000   -8.5941930000   -6.8902470000 -125.7360990000   -8.5941930000  -34.1087113333 -127.6379646667   42.4330136667  -19.3511046667 -127.6379646667   42.4330136667   -4.5934980000 -127.6379646667   42.4330136667  -17.0543556667 -129.5398303333   93.4602203333   -2.2967490000 -129.5398303333   93.4602203333    0.0000000000 -131.4416960000  144.4874270000 
  6.8902510000 135.5127870000  -8.5941930000  21.6478563333 135.5127870000  -8.5941930000  36.4054616667 135.5127870000  -8.5941930000  51.1630670000 135.5127870000  -8.5941930000  21.6478563333 117.8099010000  -8.5941930000  36.4054616667 117.8099010000  -8.5941930000  51.1630670000 117.8099010000  -8.5941930000  36.4054616667 100.1070150000  -8.5941930000  51.1630670000 100.1070150000  -8.5941930000 51.1630670000 82.4041290000 -8.5941930000 
  0.0000000000 -61.2162440000 104.2765350000   2.2967503333 -65.0199763333  66.6529590000   4.5935006667 -68.8237086667  29.0293830000   6.8902510000 -72.6274410000  -8.5941930000   2.2967490000 -82.7228623333  66.6529590000   4.5934993333 -86.5265946667  29.0293830000   6.8902496667 -90.3303270000  -8.5941930000    4.5934980000 -104.2294806667   29.0293830000    6.8902483333 -108.0332130000   -8.5941930000    6.8902470000 -125.7360990000   -8.5941930000 
-51.1630670000 -72.6274410000  -8.5941930000 -36.4054616667 -72.6274410000  -8.5941930000 -21.6478563333 -72.6274410000  -8.5941930000  -6.8902510000 -72.6274410000  -8.5941930000 -36.4054603333 -90.3303270000  -8.5941930000 -21.6478550000 -90.3303270000  -8.5941930000  -6.8902496667 -90.3303270000  -8.5941930000  -21.6478536667 -108.0332130000   -8.5941930000   -6.8902483333 -108.0332130000   -8.5941930000   -6.8902470000 -125.7360990000   -8.5941930000 
-51.1630670000  75.0683590000  86.8880390000 -56.2251663333  97.2089333333 103.2803143333 -61.2872656667 119.3495076667 119.6725896667 -66.3493650000 141.4900820000 136.0648650000 -51.1630670000  95.2165016667  55.0606283333 -56.2251663333 117.3570760000  71.4529036667 -61.2872656667 139.4976503333  87.8451790000 -51.1630670000 115.3646443333  23.2332176667 -56.2251663333 137.5052186667  39.6254930000 -51.1630670000 135.5127870000  -8.5941930000 
 51.1630670000 135.5127870000  -8.5941930000  56.2251663333 137.5052186667  39.6254930000  61.2872656667 139.4976503333  87.8451790000  66.3493650000 141.4900820000 136.0648650000  51.1630670000 115.3646443333  23.2332176667  56.2251663333 117.3570760000  71.4529036667  61.2872656667 119.3495076667 119.6725896667 51.1630670000 95.2165016667 55.0606283333  56.2251663333  97.2089333333 103.2803143333 51.1630670000 75.0683590000 86.8880390000 
 6.8902470000 82.4041290000 -8.5941930000 21.6478536667 82.4041290000 -8.5941930000 36.4054603333 82.4041290000 -8.5941930000 51.1630670000 82.4041290000 -8.5941930000 21.6478536667 79.9588723333 23.2332176667 36.4054603333 79.9588723333 23.2332176667 51.1630670000 79.9588723333 23.2332176667 36.4054603333 77.5136156667 55.0606283333 51.1630670000 77.5136156667 55.0606283333 51.1630670000 75.0683590000 86.8880390000 
-51.1630670000 135.5127870000  -8.5941930000 -56.2251663333 137.5052186667  39.6254930000 -61.2872656667 139.4976503333  87.8451790000 -66.3493650000 141.4900820000 136.0648650000 -34.1087113333 138.7212526667  37.3976590000 -39.1708106667 140.7136843333  85.6173450000 -44.2329100000 142.7061160000 133.8370310000 -17.0543556667 141.9297183333  83.3895110000 -22.1164550000 143.9221500000 131.6091970000   0.0000000000 145.1381840000 129.3813630000 
 51.1630670000 135.5127870000  -8.5941930000  36.4054616667 135.5127870000  -8.5941930000  21.6478563333 135.5127870000  -8.5941930000   6.8902510000 135.5127870000  -8.5941930000  34.1087113333 138.7212526667  37.3976590000  19.3511060000 138.7212526667  37.3976590000   4.5935006667 138.7212526667  37.3976590000  17.0543556667 141.9297183333  83.3895110000   2.2967503333 141.9297183333  83.3895110000   0.0000000000 145.1381840000 129.3813630000 
 0.0000000000 78.9447940000 83.9472960000 -2.2967490000 80.0979056667 53.1001330000 -4.5934980000 81.2510173333 22.2529700000 -6.8902470000 82.4041290000 -8.5941930000 -2.2967503333 97.8007916667 53.1001330000 -4.5934993333 98.9539033333 22.2529700000  -6.8902483333 100.1070150000  -8.5941930000  -4.5935006667 116.6567893333  22.2529700000  -6.8902496667 117.8099010000  -8.5941930000  -6.8902510000 135.5127870000  -8.5941930000 
-6.8902470000 82.4041290000 -8.5941930000 -4.5934980000 81.2510173333 22.2529700000 -2.2967490000 80.0979056667 53.1001330000  0.0000000000 78.9447940000 83.9472960000 -21.6478536667  79.9588723333  23.2332176667 -19.3511046667  78.8057606667  54.0803806667 -17.0543556667  77.6526490000  84.9275436667 -36.4054603333  77.5136156667  55.0606283333 -34.1087113333  76.3605040000  85.9077913333 -51.1630670000  75.0683590000  86.8880390000 
  6.8902510000 135.5127870000  -8.5941930000   6.8902496667 117.8099010000  -8.5941930000   6.8902483333 100.1070150000  -8.5941930000  6.8902470000 82.4041290000 -8.5941930000   4.5935006667 116.6567893333  22.2529700000  4.5934993333 98.9539033333 22.2529700000  4.5934980000 81.2510173333 22.2529700000  2.2967503333 97.8007916667 53.1001330000  2.2967490000 80.0979056667 53.1001330000  0.0000000000 78.9447940000 83.9472960000 
-51.1630670000 135.5127870000  -8.5941930000 -36.4054616667 135.5127870000  -8.5941930000 -21.6478563333 135.5127870000  -8.5941930000  -6.8902510000 135.5127870000  -8.5941930000 -36.4054603333 117.8099010000  -8.5941930000 -21.6478550000 117.8099010000  -8.5941930000  -6.8902496667 117.8099010000  -8.5941930000 -21.6478536667 100.1070150000  -8.5941930000  -6.8902483333 100.1070150000  -8.5941930000 -6.8902470000 82.4041290000 -8.5941930000 
 12.8468770000 159.7904660000  50.2916110000   4.2822923333 159.7904660000  50.2916110000  -4.2822923333 159.7904660000  50.2916110000 -12.8468770000 159.7904660000  50.2916110000   4.2564353333 159.5090126667  80.5273336667  -4.3081493333 159.5090126667  80.5273336667 -12.8727340000 159.5090126667  80.5273336667  -4.3340063333 159.2275593333 110.7630563333 -12.8985910000 159.2275593333 110.7630563333 -12.9244480000 158.9461060000 140.9987790000 
-130.9977260000  -72.3404850000  225.8885040000 -120.5518973333  -80.5200376667  246.9992370000 -110.1060686667  -88.6995903333  268.1099700000 -99.6602400000 -96.8791430000 289.2207030000 -127.3618670000  -59.2446163333  223.7847443333 -116.9160383333  -67.4241690000  244.8954773333 -106.4702096667  -75.6037216667  266.0062103333 -123.7260080000  -46.1487476667  221.6809846667 -113.2801793333  -54.3283003333  242.7917176667 -120.0901490000  -33.0528790000  219.5772250000 
120.0901490000 -33.0528790000 219.5772250000 104.8921330000 -42.2055610000 238.9750470000  89.6941170000 -51.3582430000 258.3728690000  74.4961010000 -60.5109250000 277.7706910000 113.2801793333 -54.3283003333 242.7917176667  98.0821633333 -63.4809823333 262.1895396667  82.8841473333 -72.6336643333 281.5873616667 106.4702096667 -75.6037216667 266.0062103333  91.2721936667 -84.7564036667 285.4040323333  99.6602400000 -96.8791430000 289.2207030000 
-99.6602400000 -96.8791430000 289.2207030000 -91.2721936667 -84.7564036667 285.4040323333 -82.8841473333 -72.6336643333 281.5873616667 -74.4961010000 -60.5109250000 277.7706910000 -106.4702096667  -75.6037216667  266.0062103333 -98.0821633333 -63.4809823333 262.1895396667 -89.6941170000 -51.3582430000 258.3728690000 -113.2801793333  -54.3283003333  242.7917176667 -104.8921330000  -42.2055610000  238.9750470000 -120.0901490000  -33.0528790000  219.5772250000 
-74.4961010000 -60.5109250000 277.7706910000 -82.8841473333 -72.6336643333 281.5873616667 -91.2721936667 -84.7564036667 285.4040323333 -99.6602400000 -96.8791430000 289.2207030000 -57.6474696667 -74.2793500000 279.3696593333 -66.0355160000 -86.4020893333 283.1863300000 -74.4235623333 -98.5248286667 287.0030006667 -40.7988383333 -88.0477750000 280.9686276667  -49.1868846667 -100.1705143333  284.7852983333  -23.9502070000 -101.8162000000  282.5675960000 
130.9977260000 -72.3404850000 225.8885040000 120.5518973333 -80.5200376667 246.9992370000 110.1060686667 -88.6995903333 268.1099700000  99.6602400000 -96.8791430000 289.2207030000 110.9702020000 -99.3668570000 198.1519216667  100.5243733333 -107.5464096667  219.2626546667   90.0785446667 -115.7259623333  240.3733876667   90.9426780000 -126.3932290000  170.4153393333   80.4968493333 -134.5727816667  191.5260723333   70.9151540000 -153.4196010000  142.6787570000 
-130.9977260000  -72.3404850000  225.8885040000 -110.9702020000  -99.3668570000  198.1519216667  -90.9426780000 -126.3932290000  170.4153393333  -70.9151540000 -153.4196010000  142.6787570000 -120.5518973333  -80.5200376667  246.9992370000 -100.5243733333 -107.5464096667  219.2626546667  -80.4968493333 -134.5727816667  191.5260723333 -110.1060686667  -88.6995903333  268.1099700000  -90.0785446667 -115.7259623333  240.3733876667 -99.6602400000 -96.8791430000 289.2207030000 
-99.6602400000 -96.8791430000 289.2207030000  -90.0785446667 -115.7259623333  240.3733876667  -80.4968493333 -134.5727816667  191.5260723333  -70.9151540000 -153.4196010000  142.6787570000  -79.3650220000 -116.6471813333  284.8337810000  -69.7833266667 -135.4940006667  235.9864656667  -60.2016313333 -154.3408200000  187.1391503333  -59.0698040000 -136.4152196667  280.4468590000  -49.4881086667 -155.2620390000  231.5995436667  -38.7745860000 -156.1832580000  276.0599370000 
 99.6602400000 -96.8791430000 289.2207030000   78.4015233333 -118.5818483333  282.6619060000   57.1428066667 -140.2845536667  276.1031090000   35.8840900000 -161.9872590000  269.5443120000   90.0785446667 -115.7259623333  240.3733876667   68.8198280000 -137.4286676667  233.8145906667   47.5611113333 -159.1313730000  227.2557936667   80.4968493333 -134.5727816667  191.5260723333   59.2381326667 -156.2754870000  184.9672753333   70.9151540000 -153.4196010000  142.6787570000 
 -38.7745860000 -156.1832580000  276.0599370000  -33.8331263333 -138.0609053333  278.2291566667  -28.8916666667 -119.9385526667  280.3983763333  -23.9502070000 -101.8162000000  282.5675960000  -59.0698040000 -136.4152196667  280.4468590000  -54.1283443333 -118.2928670000  282.6160786667  -49.1868846667 -100.1705143333  284.7852983333  -79.3650220000 -116.6471813333  284.8337810000 -74.4235623333 -98.5248286667 287.0030006667 -99.6602400000 -96.8791430000 289.2207030000 
  35.8840900000 -161.9872590000  269.5443120000   57.1428066667 -140.2845536667  276.1031090000   78.4015233333 -118.5818483333  282.6619060000  99.6602400000 -96.8791430000 289.2207030000   31.9061290000 -141.9302393333  273.8854066667   53.1648456667 -120.2275340000  280.4442036667  74.4235623333 -98.5248286667 287.0030006667   27.9281680000 -121.8732196667  278.2265013333   49.1868846667 -100.1705143333  284.7852983333   23.9502070000 -101.8162000000  282.5675960000 
  23.9502070000 -101.8162000000  282.5675960000   15.9668046667 -133.0209806667  282.3304236667    7.9834023333 -164.2257613333  282.0932513333    0.0000000000 -195.4305420000  281.8560790000   27.9281680000 -121.8732196667  278.2265013333   19.9447656667 -153.0780003333  277.9893290000   11.9613633333 -184.2827810000  277.7521566667   31.9061290000 -141.9302393333  273.8854066667   23.9227266667 -173.1350200000  273.6482343333   35.8840900000 -161.9872590000  269.5443120000 
  23.9502070000 -101.8162000000  282.5675960000    7.9834023333 -101.8162000000  282.5675960000   -7.9834023333 -101.8162000000  282.5675960000  -23.9502070000 -101.8162000000  282.5675960000   15.9668046667 -133.0209806667  282.3304236667    0.0000000000 -133.0209806667  282.3304236667  -15.9668046667 -133.0209806667  282.3304236667    7.9834023333 -164.2257613333  282.0932513333   -7.9834023333 -164.2257613333  282.0932513333    0.0000000000 -195.4305420000  281.8560790000 
 -38.7745860000 -156.1832580000  276.0599370000  -25.8497240000 -169.2656860000  277.9919843333  -12.9248620000 -182.3481140000  279.9240316667    0.0000000000 -195.4305420000  281.8560790000  -33.8331263333 -138.0609053333  278.2291566667  -20.9082643333 -151.1433333333  280.1612040000   -7.9834023333 -164.2257613333  282.0932513333  -28.8916666667 -119.9385526667  280.3983763333  -15.9668046667 -133.0209806667  282.3304236667  -23.9502070000 -101.8162000000  282.5675960000 
 -54.7278520000 -214.0051570000  229.4786070000  -36.4852346667 -207.8136186667  246.9377643333  -18.2426173333 -201.6220803333  264.3969216667    0.0000000000 -195.4305420000  281.8560790000  -49.4100966667 -194.7311906667  245.0057170000  -31.1674793333 -188.5396523333  262.4648743333  -12.9248620000 -182.3481140000  279.9240316667  -44.0923413333 -175.4572243333  260.5328270000  -25.8497240000 -169.2656860000  277.9919843333  -38.7745860000 -156.1832580000  276.0599370000 
  54.7278520000 -214.0051570000  229.4786070000   48.4465980000 -196.6658576667  242.8338420000   42.1653440000 -179.3265583333  256.1890770000   35.8840900000 -161.9872590000  269.5443120000   36.4852346667 -207.8136186667  246.9377643333   30.2039806667 -190.4743193333  260.2929993333   23.9227266667 -173.1350200000  273.6482343333   18.2426173333 -201.6220803333  264.3969216667   11.9613633333 -184.2827810000  277.7521566667    0.0000000000 -195.4305420000  281.8560790000 
 -38.7745860000 -156.1832580000  276.0599370000  -49.4881086667 -155.2620390000  231.5995436667  -60.2016313333 -154.3408200000  187.1391503333  -70.9151540000 -153.4196010000  142.6787570000  -44.0923413333 -175.4572243333  260.5328270000  -54.8058640000 -174.5360053333  216.0724336667  -65.5193866667 -173.6147863333  171.6120403333  -49.4100966667 -194.7311906667  245.0057170000  -60.1236193333 -193.8099716667  200.5453236667  -54.7278520000 -214.0051570000  229.4786070000 
  35.8840900000 -161.9872590000  269.5443120000   42.1653440000 -179.3265583333  256.1890770000   48.4465980000 -196.6658576667  242.8338420000   54.7278520000 -214.0051570000  229.4786070000   47.5611113333 -159.1313730000  227.2557936667   53.8423653333 -176.4706723333  213.9005586667   60.1236193333 -193.8099716667  200.5453236667   59.2381326667 -156.2754870000  184.9672753333   65.5193866667 -173.6147863333  171.6120403333   70.9151540000 -153.4196010000  142.6787570000 
 -54.7278520000 -214.0051570000  229.4786070000  -60.1236193333 -193.8099716667  200.5453236667  -65.5193866667 -173.6147863333  171.6120403333  -70.9151540000 -153.4196010000  142.6787570000  -51.7462450000 -225.2475940000  196.5056760000  -57.1420123333 -205.0524086667  167.5723926667  -62.5377796667 -184.8572233333  138.6391093333  -48.7646380000 -236.4900310000  163.5327450000  -54.1604053333 -216.2948456667  134.5994616667  -45.7830310000 -247.7324680000  130.5598140000 
  54.7278520000 -214.0051570000  229.4786070000   51.7462450000 -225.2475940000  196.5056760000   48.7646380000 -236.4900310000  163.5327450000   45.7830310000 -247.7324680000  130.5598140000   60.1236193333 -193.8099716667  200.5453236667   57.1420123333 -205.0524086667  167.5723926667   54.1604053333 -216.2948456667  134.5994616667   65.5193866667 -173.6147863333  171.6120403333   62.5377796667 -184.8572233333  138.6391093333   70.9151540000 -153.4196010000  142.6787570000 
   0.0000000000 -195.4305420000  281.8560790000  -18.2426173333 -201.6220803333  264.3969216667  -36.4852346667 -207.8136186667  246.9377643333  -54.7278520000 -214.0051570000  229.4786070000    0.0000000000 -210.7062376667  263.1102903333  -18.2426173333 -216.8977760000  245.6511330000  -36.4852346667 -223.0893143333  228.1919756667    0.0000000000 -225.9819333333  244.3645016667  -18.2426173333 -232.1734716667  226.9053443333    0.0000000000 -241.2576290000  225.6187130000 
   0.0000000000 -195.4305420000  281.8560790000    0.0000000000 -210.7062376667  263.1102903333    0.0000000000 -225.9819333333  244.3645016667    0.0000000000 -241.2576290000  225.6187130000   18.2426173333 -201.6220803333  264.3969216667   18.2426173333 -216.8977760000  245.6511330000   18.2426173333 -232.1734716667  226.9053443333   36.4852346667 -207.8136186667  246.9377643333   36.4852346667 -223.0893143333  228.1919756667   54.7278520000 -214.0051570000  229.4786070000 
  45.7830310000 -247.7324680000  130.5598140000   48.7646380000 -236.4900310000  163.5327450000   51.7462450000 -225.2475940000  196.5056760000   54.7278520000 -214.0051570000  229.4786070000   30.5220206667 -245.5741883333  162.2461136667   33.5036276667 -234.3317513333  195.2190446667   36.4852346667 -223.0893143333  228.1919756667   15.2610103333 -243.4159086667  193.9324133333   18.2426173333 -232.1734716667  226.9053443333    0.0000000000 -241.2576290000  225.6187130000 
 -45.7830310000 -247.7324680000  130.5598140000  -30.5220206667 -245.5741883333  162.2461136667  -15.2610103333 -243.4159086667  193.9324133333    0.0000000000 -241.2576290000  225.6187130000  -48.7646380000 -236.4900310000  163.5327450000  -33.5036276667 -234.3317513333  195.2190446667  -18.2426173333 -232.1734716667  226.9053443333  -51.7462450000 -225.2475940000  196.5056760000  -36.4852346667 -223.0893143333  228.1919756667  -54.7278520000 -214.0051570000  229.4786070000 
  45.7830310000 -247.7324680000  130.5598140000   30.5220206667 -245.5741883333  162.2461136667   15.2610103333 -243.4159086667  193.9324133333    0.0000000000 -241.2576290000  225.6187130000   30.5220206667 -250.3453423333  131.9873553333   15.2610103333 -248.1870626667  163.6736550000    0.0000000000 -246.0287830000  195.3599546667   15.2610103333 -252.9582166667  133.4148966667    0.0000000000 -250.7999370000  165.1011963333    0.0000000000 -255.5710910000  134.8424380000 
 -45.7830310000 -247.7324680000  130.5598140000  -54.1604053333 -216.2948456667  134.5994616667  -62.5377796667 -184.8572233333  138.6391093333  -70.9151540000 -153.4196010000  142.6787570000  -39.6450623333 -236.7823540000  134.0229490000  -48.0224366667 -205.3447316667  138.0625966667  -56.3998110000 -173.9071093333  142.1022443333  -33.5070936667 -225.8322400000  137.4860840000  -41.8844680000 -194.3946176667  141.5257316667  -27.3691250000 -214.8821260000  140.9492190000 
   0.0000000000 -206.5830990000  127.7899090000   23.6383846667 -188.8619330000  132.7528583333   47.2767693333 -171.1407670000  137.7158076667   70.9151540000 -153.4196010000  142.6787570000    9.1230416667 -209.3494413333  132.1763456667   32.7614263333 -191.6282753333  137.1392950000   56.3998110000 -173.9071093333  142.1022443333   18.2460833333 -212.1157836667  136.5627823333   41.8844680000 -194.3946176667  141.5257316667   27.3691250000 -214.8821260000  140.9492190000 
  16.9336360000 -230.2650760000    3.2668570000   11.2890906667 -222.3710836667   44.7745410000    5.6445453333 -214.4770913333   86.2822250000    0.0000000000 -206.5830990000  127.7899090000   18.5049116667 -230.5348463333   51.7907840000   12.8603663333 -222.6408540000   93.2984680000    7.2158210000 -214.7468616667  134.8061520000   20.0761873333 -230.8046166667  100.3147110000   14.4316420000 -222.9106243333  141.8223950000   21.6474630000 -231.0743870000  148.8386380000 
   0.0000000000 -250.0379940000    1.2239350000   -5.6445453333 -243.4470213333    1.9049090000  -11.2890906667 -236.8560486667    2.5858830000  -16.9336360000 -230.2650760000    3.2668570000    0.0000000000 -237.8335923333   -0.1991333333   -5.6445453333 -231.2426196667    0.4818406667  -11.2890906667 -224.6516470000    1.1628146667    0.0000000000 -225.6291906667   -1.6222016667   -5.6445453333 -219.0382180000   -0.9412276667    0.0000000000 -213.4247890000   -3.0452700000 
 -27.3691250000 -214.8821260000  140.9492190000  -18.2460833333 -212.1157836667  136.5627823333   -9.1230416667 -209.3494413333  132.1763456667    0.0000000000 -206.5830990000  127.7899090000  -25.4619043333 -220.2795463333  143.5790253333  -16.3388626667 -217.5132040000  139.1925886667   -7.2158210000 -214.7468616667  134.8061520000  -23.5546836667 -225.6769666667  146.2088316667  -14.4316420000 -222.9106243333  141.8223950000  -21.6474630000 -231.0743870000  148.8386380000 
  16.9336360000 -230.2650760000    3.2668570000   11.2890906667 -224.6516470000    1.1628146667    5.6445453333 -219.0382180000   -0.9412276667    0.0000000000 -213.4247890000   -3.0452700000   11.2890906667 -222.3710836667   44.7745410000    5.6445453333 -216.7576546667   42.6704986667    0.0000000000 -211.1442256667   40.5664563333    5.6445453333 -214.4770913333   86.2822250000    0.0000000000 -208.8636623333   84.1781826667    0.0000000000 -206.5830990000  127.7899090000 
   0.0000000000 -206.5830990000  127.7899090000    0.0000000000 -208.8636623333   84.1781826667    0.0000000000 -211.1442256667   40.5664563333    0.0000000000 -213.4247890000   -3.0452700000   -5.6445453333 -214.4770913333   86.2822250000   -5.6445453333 -216.7576546667   42.6704986667   -5.6445453333 -219.0382180000   -0.9412276667  -11.2890906667 -222.3710836667   44.7745410000  -11.2890906667 -224.6516470000    1.1628146667  -16.9336360000 -230.2650760000    3.2668570000 
   0.0000000000 -241.2576290000  225.6187130000  -15.2610103333 -243.4159086667  193.9324133333  -30.5220206667 -245.5741883333  162.2461136667  -45.7830310000 -247.7324680000  130.5598140000    0.0000000000 -246.0287830000  195.3599546667  -15.2610103333 -248.1870626667  163.6736550000  -30.5220206667 -250.3453423333  131.9873553333    0.0000000000 -250.7999370000  165.1011963333  -15.2610103333 -252.9582166667  133.4148966667    0.0000000000 -255.5710910000  134.8424380000 
  16.9336360000 -230.2650760000    3.2668570000   11.2890906667 -236.8560486667    2.5858830000    5.6445453333 -243.4470213333    1.9049090000    0.0000000000 -250.0379940000    1.2239350000   11.2890906667 -224.6516470000    1.1628146667    5.6445453333 -231.2426196667    0.4818406667    0.0000000000 -237.8335923333   -0.1991333333    5.6445453333 -219.0382180000   -0.9412276667    0.0000000000 -225.6291906667   -1.6222016667    0.0000000000 -213.4247890000   -3.0452700000 
 -21.6474630000 -231.0743870000  148.8386380000  -20.0761873333 -230.8046166667  100.3147110000  -18.5049116667 -230.5348463333   51.7907840000  -16.9336360000 -230.2650760000    3.2668570000  -14.4316420000 -237.3955893333   99.6337370000  -12.8603663333 -237.1258190000   51.1098100000  -11.2890906667 -236.8560486667    2.5858830000   -7.2158210000 -243.7167916667   50.4288360000   -5.6445453333 -243.4470213333    1.9049090000    0.0000000000 -250.0379940000    1.2239350000 
   0.0000000000 -255.5710910000  134.8424380000    0.0000000000 -253.7267253333   90.3029370000    0.0000000000 -251.8823596667   45.7634360000    0.0000000000 -250.0379940000    1.2239350000   15.2610103333 -252.9582166667  133.4148966667   15.2610103333 -251.1138510000   88.8753956667   15.2610103333 -249.2694853333   44.3358946667   30.5220206667 -250.3453423333  131.9873553333   30.5220206667 -248.5009766667   87.4478543333   45.7830310000 -247.7324680000  130.5598140000 
  21.6474630000 -231.0743870000  148.8386380000   29.6926523333 -236.6270806667  142.7456966667   37.7378416667 -242.1797743333  136.6527553333   45.7830310000 -247.7324680000  130.5598140000   14.4316420000 -237.3955893333   99.6337370000   22.4768313333 -242.9482830000   93.5407956667   30.5220206667 -248.5009766667   87.4478543333    7.2158210000 -243.7167916667   50.4288360000   15.2610103333 -249.2694853333   44.3358946667    0.0000000000 -250.0379940000    1.2239350000 
   0.0000000000 -255.5710910000  134.8424380000  -15.2610103333 -252.9582166667  133.4148966667  -30.5220206667 -250.3453423333  131.9873553333  -45.7830310000 -247.7324680000  130.5598140000    0.0000000000 -253.7267253333   90.3029370000  -15.2610103333 -251.1138510000   88.8753956667  -30.5220206667 -248.5009766667   87.4478543333    0.0000000000 -251.8823596667   45.7634360000  -15.2610103333 -249.2694853333   44.3358946667    0.0000000000 -250.0379940000    1.2239350000 
  16.9336360000 -230.2650760000    3.2668570000   18.5049116667 -230.5348463333   51.7907840000   20.0761873333 -230.8046166667  100.3147110000   21.6474630000 -231.0743870000  148.8386380000   11.2890906667 -236.8560486667    2.5858830000   12.8603663333 -237.1258190000   51.1098100000   14.4316420000 -237.3955893333   99.6337370000    5.6445453333 -243.4470213333    1.9049090000    7.2158210000 -243.7167916667   50.4288360000    0.0000000000 -250.0379940000    1.2239350000 
 -45.7830310000 -247.7324680000  130.5598140000  -37.7378416667 -242.1797743333  136.6527553333  -29.6926523333 -236.6270806667  142.7456966667  -21.6474630000 -231.0743870000  148.8386380000  -30.5220206667 -248.5009766667   87.4478543333  -22.4768313333 -242.9482830000   93.5407956667  -14.4316420000 -237.3955893333   99.6337370000  -15.2610103333 -249.2694853333   44.3358946667   -7.2158210000 -243.7167916667   50.4288360000    0.0000000000 -250.0379940000    1.2239350000 
   0.0000000000 -206.5830990000  127.7899090000   -5.6445453333 -214.4770913333   86.2822250000  -11.2890906667 -222.3710836667   44.7745410000  -16.9336360000 -230.2650760000    3.2668570000   -7.2158210000 -214.7468616667  134.8061520000  -12.8603663333 -222.6408540000   93.2984680000  -18.5049116667 -230.5348463333   51.7907840000  -14.4316420000 -222.9106243333  141.8223950000  -20.0761873333 -230.8046166667  100.3147110000  -21.6474630000 -231.0743870000  148.8386380000 
  27.3691250000 -214.8821260000  140.9492190000   33.5070936667 -225.8322400000  137.4860840000   39.6450623333 -236.7823540000  134.0229490000   45.7830310000 -247.7324680000  130.5598140000   25.4619043333 -220.2795463333  143.5790253333   31.5998730000 -231.2296603333  140.1158903333   37.7378416667 -242.1797743333  136.6527553333   23.5546836667 -225.6769666667  146.2088316667   29.6926523333 -236.6270806667  142.7456966667   21.6474630000 -231.0743870000  148.8386380000 
   0.0000000000 -206.5830990000  127.7899090000    9.1230416667 -209.3494413333  132.1763456667   18.2460833333 -212.1157836667  136.5627823333   27.3691250000 -214.8821260000  140.9492190000    7.2158210000 -214.7468616667  134.8061520000   16.3388626667 -217.5132040000  139.1925886667   25.4619043333 -220.2795463333  143.5790253333   14.4316420000 -222.9106243333  141.8223950000   23.5546836667 -225.6769666667  146.2088316667   21.6474630000 -231.0743870000  148.8386380000 
 -45.7830310000 -247.7324680000  130.5598140000  -39.6450623333 -236.7823540000  134.0229490000  -33.5070936667 -225.8322400000  137.4860840000  -27.3691250000 -214.8821260000  140.9492190000  -37.7378416667 -242.1797743333  136.6527553333  -31.5998730000 -231.2296603333  140.1158903333  -25.4619043333 -220.2795463333  143.5790253333  -29.6926523333 -236.6270806667  142.7456966667  -23.5546836667 -225.6769666667  146.2088316667  -21.6474630000 -231.0743870000  148.8386380000 
  70.9151540000 -153.4196010000  142.6787570000   62.5377796667 -184.8572233333  138.6391093333   54.1604053333 -216.2948456667  134.5994616667   45.7830310000 -247.7324680000  130.5598140000   56.3998110000 -173.9071093333  142.1022443333   48.0224366667 -205.3447316667  138.0625966667   39.6450623333 -236.7823540000  134.0229490000   41.8844680000 -194.3946176667  141.5257316667   33.5070936667 -225.8322400000  137.4860840000   27.3691250000 -214.8821260000  140.9492190000 
 -70.9151540000 -153.4196010000  142.6787570000  -47.2767693333 -171.1407670000  137.7158076667  -23.6383846667 -188.8619330000  132.7528583333    0.0000000000 -206.5830990000  127.7899090000  -56.3998110000 -173.9071093333  142.1022443333  -32.7614263333 -191.6282753333  137.1392950000   -9.1230416667 -209.3494413333  132.1763456667  -41.8844680000 -194.3946176667  141.5257316667  -18.2460833333 -212.1157836667  136.5627823333  -27.3691250000 -214.8821260000  140.9492190000 
