-60.7510990000 -61.2161940000 104.2770080000 -57.5550990000 -82.7228930000  66.6530080000  -54.3591000000 -104.2289960000   29.0294080000  -51.1631010000 -125.7360000000   -8.5941800000 -62.6171990000 -84.6246950000 117.6800080000  -59.4212000000 -106.1309890000   80.0566100000  -56.2252010000 -127.6380000000   42.4330100000  -64.4832990000 -108.0329900000  131.0840150000  -61.2873000000 -129.5399930000   93.4602050000  -66.3494030000 -131.4419860000  144.4870150000 
  6.8902500000 -72.6274030000  -8.5941840000  21.6479000000 -90.3302990000  -8.5941830000   36.4054990000 -108.0329970000   -8.5941810000   51.1631010000 -125.7360000000   -8.5941800000   6.8902500000 -90.3302990000  -8.5941830000   21.6479000000 -108.0329970000   -8.5941810000   36.4054990000 -125.7360000000   -8.5941800000    6.8902500000 -108.0329970000   -8.5941810000   21.6479000000 -125.7360000000   -8.5941800000    6.8902500000 -125.7360000000   -8.5941800000 
  51.1631010000 -125.7360000000   -8.5941800000   54.3591000000 -104.2289960000   29.0294080000  57.5550990000 -82.7228930000  66.6530080000  60.7510990000 -61.2161940000 104.2770080000   56.2252010000 -127.6380000000   42.4330100000   59.4212000000 -106.1309890000   80.0566100000  62.6171990000 -84.6246950000 117.6800080000   61.2873000000 -129.5399930000   93.4602050000   64.4832990000 -108.0329900000  131.0840150000   66.3494030000 -131.4419860000  144.4870150000 
-60.7510990000 -61.2161940000 104.2770080000 -40.5007020000 -40.6970940000  98.4804000000 -20.2504010000 -20.1778930000  92.6841960000  0.0000000000  0.3413000000 86.8880000000 -40.5007020000 -61.2161940000 104.2770080000 -20.2504010000 -40.6970940000  98.4804000000   0.0000000000 -20.1778930000  92.6841960000 -20.2504010000 -61.2161940000 104.2770080000   0.0000000000 -40.6970940000  98.4804000000   0.0000000000 -61.2161940000 104.2770080000 
  51.1631010000 -125.7360000000   -8.5941800000   34.1087000000 -127.6380000000   42.4330100000   17.0543990000 -129.5399930000   93.4602050000    0.0000000000 -131.4419860000  144.4870150000   36.4054990000 -125.7360000000   -8.5941800000   19.3511010000 -127.6380000000   42.4330100000    2.2967500000 -129.5399930000   93.4602050000   21.6479000000 -125.7360000000   -8.5941800000    4.5935000000 -127.6380000000   42.4330100000    6.8902500000 -125.7360000000   -8.5941800000 
-51.1631010000 -72.6274030000  -8.5941840000 -34.1087000000 -68.8237000000  29.0294060000 -17.0543990000 -65.0199890000  66.6530080000   0.0000000000 -61.2161940000 104.2770080000 -36.4054990000 -72.6274030000  -8.5941840000 -19.3511010000 -68.8237000000  29.0294060000  -2.2967500000 -65.0199890000  66.6530080000 -21.6479000000 -72.6274030000  -8.5941840000  -4.5935000000 -68.8237000000  29.0294060000  -6.8902500000 -72.6274030000  -8.5941840000 
 51.1631010000 -72.6274030000  -8.5941840000  34.1087000000 -68.8237000000  29.0294060000  17.0543990000 -65.0199890000  66.6530080000   0.0000000000 -61.2161940000 104.2770080000  54.3591000000 -68.8237000000  29.0294060000  37.3046990000 -65.0199890000  66.6530080000  20.2504010000 -61.2161940000 104.2770080000  57.5550990000 -65.0199890000  66.6530080000  40.5007020000 -61.2161940000 104.2770080000  60.7510990000 -61.2161940000 104.2770080000 
  0.0000000000 -61.2161940000 104.2770080000  -2.2967500000 -82.7228930000  66.6530080000   -4.5935000000 -104.2289960000   29.0294080000   -6.8902500000 -125.7360000000   -8.5941800000  -2.2967500000 -65.0199890000  66.6530080000  -4.5935000000 -86.5266040000  29.0294060000   -6.8902500000 -108.0329970000   -8.5941810000  -4.5935000000 -68.8237000000  29.0294060000  -6.8902500000 -90.3302990000  -8.5941830000  -6.8902500000 -72.6274030000  -8.5941840000 
 -51.1631010000 -125.7360000000   -8.5941800000  -34.1087000000 -127.6380000000   42.4330100000  -17.0543990000 -129.5399930000   93.4602050000    0.0000000000 -131.4419860000  144.4870150000  -56.2252010000 -127.6380000000   42.4330100000  -39.1707990000 -129.5399930000   93.4602050000  -22.1165010000 -131.4419860000  144.4870150000  -61.2873000000 -129.5399930000   93.4602050000  -44.2328990000 -131.4419860000  144.4870150000  -66.3494030000 -131.4419860000  144.4870150000 
  6.8902500000 135.5130000000  -8.5942000000  21.6479000000 117.8099980000  -8.5941980000  36.4054990000 100.1070020000  -8.5941970000 51.1631010000 82.4040990000 -8.5941960000   6.8902500000 117.8099980000  -8.5941980000  21.6479000000 100.1070020000  -8.5941970000 36.4054990000 82.4040990000 -8.5941960000   6.8902500000 100.1070020000  -8.5941970000 21.6479000000 82.4040990000 -8.5941960000  6.8902500000 82.4040990000 -8.5941960000 
  0.0000000000 -61.2161940000 104.2770080000   0.0000000000 -40.6970940000  98.4804000000   0.0000000000 -20.1778930000  92.6841960000  0.0000000000  0.3413000000 86.8880000000  20.2504010000 -61.2161940000 104.2770080000  20.2504010000 -40.6970940000  98.4804000000  20.2504010000 -20.1778930000  92.6841960000  40.5007020000 -61.2161940000 104.2770080000  40.5007020000 -40.6970940000  98.4804000000  60.7510990000 -61.2161940000 104.2770080000 
  0.0000000000 -61.2161940000 104.2770080000   2.2967500000 -82.7228930000  66.6530080000    4.5935000000 -104.2289960000   29.0294080000    6.8902500000 -125.7360000000   -8.5941800000   0.0000000000 -84.6246950000 117.6800080000    2.2967500000 -106.1309890000   80.0566100000    4.5935000000 -127.6380000000   42.4330100000    0.0000000000 -108.0329900000  131.0840150000    2.2967500000 -129.5399930000   93.4602050000    0.0000000000 -131.4419860000  144.4870150000 
-51.1631010000 -72.6274030000  -8.5941840000 -36.4054990000 -90.3302990000  -8.5941830000  -21.6479000000 -108.0329970000   -8.5941810000   -6.8902500000 -125.7360000000   -8.5941800000 -51.1631010000 -90.3302990000  -8.5941830000  -36.4054990000 -108.0329970000   -8.5941810000  -21.6479000000 -125.7360000000   -8.5941800000  -51.1631010000 -108.0329970000   -8.5941810000  -36.4054990000 -125.7360000000   -8.5941800000  -51.1631010000 -125.7360000000   -8.5941800000 
-51.1631010000  75.0684050000  86.8879930000 -51.1631010000  95.2165070000  55.0605930000 -51.1631010000 115.3649980000  23.2331910000 -51.1631010000 135.5130000000  -8.5942000000 -51.1631010000  77.5136110000  55.0605930000 -51.1631010000  97.6617970000  23.2331920000 -51.1631010000 117.8099980000  -8.5941980000 -51.1631010000  79.9589000000  23.2331940000 -51.1631010000 100.1070020000  -8.5941970000 -51.1631010000  82.4040990000  -8.5941960000 
 51.1631010000 135.5130000000  -8.5942000000  51.1631010000 115.3649980000  23.2331910000 51.1631010000 95.2165070000 55.0605930000 51.1631010000 75.0684050000 86.8879930000  51.1631010000 117.8099980000  -8.5941980000 51.1631010000 97.6617970000 23.2331920000 51.1631010000 77.5136110000 55.0605930000  51.1631010000 100.1070020000  -8.5941970000 51.1631010000 79.9589000000 23.2331940000 51.1631010000 82.4040990000 -8.5941960000 
 0.0000000000  0.3413000000 86.8880000000 -17.0543990000  25.2503050000  86.8880000000 -34.1087000000  50.1593090000  86.8880000000 -51.1631010000  75.0684050000  86.8879930000  0.0000000000 26.5425050000 85.9077990000 -17.0543990000  51.4515080000  85.9077910000 -34.1087000000  76.3605040000  85.9077910000  0.0000000000 52.7436070000 84.9274900000 -17.0543990000  77.6526110000  84.9274900000  0.0000000000 78.9448090000 83.9472960000 
 6.8902500000 82.4040990000 -8.5941960000 21.6479000000 79.9589000000 23.2331940000 36.4054990000 77.5136110000 55.0605930000 51.1631010000 75.0684050000 86.8879930000  4.5935000000 81.2509990000 22.2529950000 19.3511010000 78.8058090000 54.0803910000 34.1087000000 76.3605040000 85.9077910000  2.2967500000 80.0979080000 53.1000940000 17.0543990000 77.6526110000 84.9274900000  0.0000000000 78.9448090000 83.9472960000 
-51.1631010000 135.5130000000  -8.5942000000 -34.1087000000 138.7209930000  37.3976900000 -17.0543990000 141.9299930000  83.3894960000   0.0000000000 145.1380160000 129.3809810000 -36.4054990000 135.5130000000  -8.5942000000 -19.3511010000 138.7209930000  37.3976900000  -2.2967500000 141.9299930000  83.3894960000 -21.6479000000 135.5130000000  -8.5942000000  -4.5935000000 138.7209930000  37.3976900000  -6.8902500000 135.5130000000  -8.5942000000 
 51.1631010000 135.5130000000  -8.5942000000  34.1087000000 138.7209930000  37.3976900000  17.0543990000 141.9299930000  83.3894960000   0.0000000000 145.1380160000 129.3809810000  56.2252010000 137.5050050000  39.6254880000  39.1707990000 140.7140050000  85.6172940000  22.1165010000 143.9220120000 131.6089780000  61.2873000000 139.4980010000  87.8451920000  44.2328990000 142.7060090000 133.8369900000  66.3494030000 141.4900210000 136.0649870000 
 0.0000000000 78.9448090000 83.9472960000 -2.2967500000 97.8008040000 53.1000940000  -4.5935000000 116.6569980000  22.2529910000  -6.8902500000 135.5130000000  -8.5942000000   0.0000000000 101.0090100000  99.0919950000  -2.2967500000 119.8650050000  68.2447890000  -4.5935000000 138.7209930000  37.3976900000   0.0000000000 123.0740050000 114.2369920000  -2.2967500000 141.9299930000  83.3894960000   0.0000000000 145.1380160000 129.3809810000 
-6.8902500000 82.4040990000 -8.5941960000 -21.6479000000  79.9589000000  23.2331940000 -36.4054990000  77.5136110000  55.0605930000 -51.1631010000  75.0684050000  86.8879930000 -21.6479000000  82.4040990000  -8.5941960000 -36.4054990000  79.9589000000  23.2331940000 -51.1631010000  77.5136110000  55.0605930000 -36.4054990000  82.4040990000  -8.5941960000 -51.1631010000  79.9589000000  23.2331940000 -51.1631010000  82.4040990000  -8.5941960000 
51.1631010000 75.0684050000 86.8879930000 34.1087000000 50.1593090000 86.8880000000 17.0543990000 25.2503050000 86.8880000000  0.0000000000  0.3413000000 86.8880000000 34.1087000000 76.3605040000 85.9077910000 17.0543990000 51.4515080000 85.9077910000  0.0000000000 26.5425050000 85.9077990000 17.0543990000 77.6526110000 84.9274900000  0.0000000000 52.7436070000 84.9274900000  0.0000000000 78.9448090000 83.9472960000 
  6.8902500000 135.5130000000  -8.5942000000   4.5935000000 116.6569980000  22.2529910000  2.2967500000 97.8008040000 53.1000940000  0.0000000000 78.9448090000 83.9472960000   4.5935000000 138.7209930000  37.3976900000   2.2967500000 119.8650050000  68.2447890000   0.0000000000 101.0090100000  99.0919950000   2.2967500000 141.9299930000  83.3894960000   0.0000000000 123.0740050000 114.2369920000   0.0000000000 145.1380160000 129.3809810000 
-51.1631010000 135.5130000000  -8.5942000000 -36.4054990000 117.8099980000  -8.5941980000 -21.6479000000 100.1070020000  -8.5941970000 -6.8902500000 82.4040990000 -8.5941960000 -51.1631010000 117.8099980000  -8.5941980000 -36.4054990000 100.1070020000  -8.5941970000 -21.6479000000  82.4040990000  -8.5941960000 -51.1631010000 100.1070020000  -8.5941970000 -36.4054990000  82.4040990000  -8.5941960000 -51.1631010000  82.4040990000  -8.5941960000 
 0.0000000000  0.3413000000 86.8880000000 17.0543990000 25.2503050000 86.8880000000 34.1087000000 50.1593090000 86.8880000000 51.1631010000 75.0684050000 86.8879930000  20.2504010000 -20.1778930000  92.6841960000 37.3046990000  4.7311470000 92.6841960000 54.3591000000 29.6402070000 92.6841960000  40.5007020000 -40.6970940000  98.4804000000  57.5550990000 -15.7879920000  98.4804000000  60.7510990000 -61.2161940000 104.2770080000 
 0.0000000000  0.3413000000 86.8880000000 -20.2504010000 -20.1778930000  92.6841960000 -40.5007020000 -40.6970940000  98.4804000000 -60.7510990000 -61.2161940000 104.2770080000 -17.0543990000  25.2503050000  86.8880000000 -37.3046990000   4.7311470000  92.6841960000 -57.5550990000 -15.7879920000  98.4804000000 -34.1087000000  50.1593090000  86.8880000000 -54.3591000000  29.6402070000  92.6841960000 -51.1631010000  75.0684050000  86.8879930000 
-12.9244000000 158.9460140000 140.9989780000  -8.6163000000 157.8960110000 162.6979830000  -4.3081500000 156.8450160000 184.3969880000   0.0000000000 155.7950130000 206.0969850000  -4.3081500000 158.9460140000 140.9989780000   0.0000000000 157.8960110000 162.6979830000   4.3081500000 156.8450160000 184.3969880000   4.3081500000 158.9460140000 140.9989780000   8.6163000000 157.8960110000 162.6979830000  12.9244000000 158.9460140000 140.9989780000 
  0.0000000000 145.2050020000  49.0818900000  -4.2822900000 150.0670010000  49.4851880000  -8.5645800000 154.9290010000  49.8883900000 -12.8469000000 159.7899930000  50.2915880000   4.2822900000 150.0670010000  49.4851880000   0.0000000000 154.9290010000  49.8883900000  -4.2822900000 159.7899930000  50.2915880000   8.5645800000 154.9290010000  49.8883900000   4.2822900000 159.7899930000  50.2915880000  12.8469000000 159.7899930000  50.2915880000 
  0.0000000000 145.2050020000  49.0818900000   0.0000000000 145.1829990000  75.8483890000   0.0000000000 145.1600190000 102.6149900000   0.0000000000 145.1380160000 129.3809810000  -4.2822900000 150.0670010000  49.4851880000  -4.2822900000 150.0449980000  76.2515950000  -4.2822900000 150.0220180000 103.0179900000  -8.5645800000 154.9290010000  49.8883900000  -8.5645800000 154.9060060000  76.6548840000 -12.8469000000 159.7899930000  50.2915880000 
-12.9244000000 158.9460140000 140.9989780000 -12.8986000000 159.2280120000 110.7629850000 -12.8727000000 159.5090030000  80.5272830000 -12.8469000000 159.7899930000  50.2915880000  -8.6163000000 154.3430180000 137.1259920000  -8.5904400000 154.6250150000 106.8909840000  -8.5645800000 154.9060060000  76.6548840000  -4.3081500000 149.7410130000 133.2539830000  -4.2822900000 150.0220180000 103.0179900000   0.0000000000 145.1380160000 129.3809810000 
 12.9244000000 158.9460140000 140.9989780000   8.6163000000 154.3430180000 137.1259920000   4.3081500000 149.7410130000 133.2539830000   0.0000000000 145.1380160000 129.3809810000  12.8986000000 159.2280120000 110.7629850000   8.5904400000 154.6250150000 106.8909840000   4.2822900000 150.0220180000 103.0179900000  12.8727000000 159.5090030000  80.5272830000   8.5645800000 154.9060060000  76.6548840000  12.8469000000 159.7899930000  50.2915880000 
  0.0000000000 145.2050020000  49.0818900000   4.2822900000 150.0670010000  49.4851880000   8.5645800000 154.9290010000  49.8883900000  12.8469000000 159.7899930000  50.2915880000   0.0000000000 145.1829990000  75.8483890000   4.2822900000 150.0449980000  76.2515950000   8.5645800000 154.9060060000  76.6548840000   0.0000000000 145.1600190000 102.6149900000   4.2822900000 150.0220180000 103.0179900000   0.0000000000 145.1380160000 129.3809810000 
 12.8469000000 159.7899930000  50.2915880000   4.2564400000 159.5090030000  80.5272830000  -4.3340100000 159.2280120000 110.7629850000 -12.9244000000 158.9460140000 140.9989780000  12.8727000000 159.5090030000  80.5272830000   4.2822900000 159.2280120000 110.7629850000  -4.3081500000 158.9460140000 140.9989780000  12.8986000000 159.2280120000 110.7629850000   4.3081500000 158.9460140000 140.9989780000  12.9244000000 158.9460140000 140.9989780000 
51.1631010000 75.0684050000 86.8879930000  56.2252010000  97.2089080000 103.2799910000  61.2873000000 119.3500060000 119.6729890000  66.3494030000 141.4900210000 136.0649870000  59.9267010000  52.9054070000 125.3209920000  64.9888000000  75.0459060000 141.7140050000  70.0509030000  97.1865160000 158.1060030000  68.6903990000  30.7424110000 163.7550050000  73.7525020000  52.8830150000 180.1470030000  77.4541020000   8.5794150000 202.1880040000 
51.1631010000 75.0684050000 86.8879930000  59.9267010000  52.9054070000 125.3209920000  68.6903990000  30.7424110000 163.7550050000  77.4541020000   8.5794150000 202.1880040000 54.3591000000 29.6402070000 92.6841960000  63.1227000000   7.4771800000 131.1179960000  71.8863980000 -14.6857870000 169.5509950000  57.5550990000 -15.7879920000  98.4804000000  66.3188020000 -37.9509890000 136.9140010000  60.7510990000 -61.2161940000 104.2770080000 
  66.3494030000 -131.4419860000  144.4870150000   64.4832990000 -108.0329900000  131.0840150000  62.6171990000 -84.6246950000 117.6800080000  60.7510990000 -61.2161940000 104.2770080000  70.0509030000 -84.7679820000 163.7209930000  68.1847990000 -61.3594890000 150.3170010000  66.3188020000 -37.9509890000 136.9140010000  73.7525020000 -38.0942840000 182.9550020000  71.8863980000 -14.6857870000 169.5509950000  77.4541020000   8.5794150000 202.1880040000 
-66.3494030000 141.4900210000 136.0649870000 -61.2873000000 119.3500060000 119.6729890000 -56.2252010000  97.2089080000 103.2799910000 -51.1631010000  75.0684050000  86.8879930000 -70.0509030000  97.1865160000 158.1060030000 -64.9888000000  75.0459060000 141.7140050000 -59.9267010000  52.9054070000 125.3209920000 -73.7525020000  52.8830150000 180.1470030000 -68.6903990000  30.7424110000 163.7550050000 -77.4541020000   8.5794150000 202.1880040000 
-60.7510990000 -61.2161940000 104.2770080000 -66.3188020000 -37.9509890000 136.9140010000 -71.8863980000 -14.6857870000 169.5509950000 -77.4541020000   8.5794150000 202.1880040000 -57.5550990000 -15.7879920000  98.4804000000 -63.1227000000   7.4771800000 131.1179960000 -68.6903990000  30.7424110000 163.7550050000 -54.3591000000  29.6402070000  92.6841960000 -59.9267010000  52.9054070000 125.3209920000 -51.1631010000  75.0684050000  86.8879930000 
-60.7510990000 -61.2161940000 104.2770080000 -62.6171990000 -84.6246950000 117.6800080000  -64.4832990000 -108.0329900000  131.0840150000  -66.3494030000 -131.4419860000  144.4870150000 -66.3188020000 -37.9509890000 136.9140010000 -68.1847990000 -61.3594890000 150.3170010000 -70.0509030000 -84.7679820000 163.7209930000 -71.8863980000 -14.6857870000 169.5509950000 -73.7525020000 -38.0942840000 182.9550020000 -77.4541020000   8.5794150000 202.1880040000 
  0.0000000000 145.1380160000 129.3809810000   4.8238800000 143.4720150000 155.2829900000   9.6477600000 141.8050080000 181.1839900000  14.4716000000 140.1380160000 207.0849910000  22.1165010000 143.9220120000 131.6089780000  26.9403000000 142.2560120000 157.5099790000  31.7642000000 140.5890200000 183.4119870000  44.2328990000 142.7060090000 133.8369900000  49.0568010000 141.0400090000 159.7379910000  66.3494030000 141.4900210000 136.0649870000 
-66.3494030000 141.4900210000 136.0649870000 -49.0568010000 141.0400090000 159.7379910000 -31.7642000000 140.5890200000 183.4119870000 -14.4716000000 140.1380160000 207.0849910000 -44.2328990000 142.7060090000 133.8369900000 -26.9403000000 142.2560120000 157.5099790000  -9.6477600000 141.8050080000 181.1839900000 -22.1165010000 143.9220120000 131.6089780000  -4.8238800000 143.4720150000 155.2829900000   0.0000000000 145.1380160000 129.3809810000 
-12.9244000000 158.9460140000 140.9989780000  -8.6163000000 154.3430180000 137.1259920000  -4.3081500000 149.7410130000 133.2539830000   0.0000000000 145.1380160000 129.3809810000 -13.4402000000 152.6770170000 163.0279850000  -9.1320300000 148.0740200000 159.1549840000  -4.8238800000 143.4720150000 155.2829900000 -13.9559000000 146.4080200000 185.0559840000  -9.6477600000 141.8050080000 181.1839900000 -14.4716000000 140.1380160000 207.0849910000 
 12.9244000000 158.9460140000 140.9989780000  13.4402000000 152.6770170000 163.0279850000  13.9559000000 146.4080200000 185.0559840000  14.4716000000 140.1380160000 207.0849910000   8.6163000000 154.3430180000 137.1259920000   9.1320300000 148.0740200000 159.1549840000   9.6477600000 141.8050080000 181.1839900000   4.3081500000 149.7410130000 133.2539830000   4.8238800000 143.4720150000 155.2829900000   0.0000000000 145.1380160000 129.3809810000 
 12.9244000000 158.9460140000 140.9989780000   8.6163000000 157.8960110000 162.6979830000   4.3081500000 156.8450160000 184.3969880000   0.0000000000 155.7950130000 206.0969850000  13.4402000000 152.6770170000 163.0279850000   9.1320300000 151.6260220000 184.7269900000   4.8238800000 150.5760190000 206.4259800000  13.9559000000 146.4080200000 185.0559840000   9.6477600000 145.3570100000 206.7559810000  14.4716000000 140.1380160000 207.0849910000 
  0.0000000000 155.7950130000 206.0969850000  -4.3081500000 156.8450160000 184.3969880000  -8.6163000000 157.8960110000 162.6979830000 -12.9244000000 158.9460140000 140.9989780000  -4.8238800000 150.5760190000 206.4259800000  -9.1320300000 151.6260220000 184.7269900000 -13.4402000000 152.6770170000 163.0279850000  -9.6477600000 145.3570100000 206.7559810000 -13.9559000000 146.4080200000 185.0559840000 -14.4716000000 140.1380160000 207.0849910000 
-77.4541020000   8.5794150000 202.1880040000 -73.7525020000 -38.0942840000 182.9550020000 -70.0509030000 -84.7679820000 163.7209930000  -66.3494030000 -131.4419860000  144.4870150000 -73.7975010000 -29.4343850000 209.3979950000 -70.0959010000 -76.1080860000 190.1640010000  -66.3944020000 -122.7819820000  170.9300080000 -70.1409990000 -67.4480820000 216.6069950000  -66.4394000000 -114.1219860000  197.3730160000  -66.4843980000 -105.4619830000  223.8160100000 
 77.4541020000   8.5794150000 202.1880040000  73.7975010000 -29.4343850000 209.3979950000  70.1409990000 -67.4480820000 216.6069950000   66.4843980000 -105.4619830000  223.8160100000  73.7525020000 -38.0942840000 182.9550020000  70.0959010000 -76.1080860000 190.1640010000   66.4394000000 -114.1219860000  197.3730160000  70.0509030000 -84.7679820000 163.7209930000   66.3944020000 -122.7819820000  170.9300080000   66.3494030000 -131.4419860000  144.4870150000 
-14.4716000000 140.1380160000 207.0849910000 -31.7642000000 140.5890200000 183.4119870000 -49.0568010000 141.0400090000 159.7379910000 -66.3494030000 141.4900210000 136.0649870000 -28.2092990000 122.7050170000 225.3479920000 -45.5019000000 123.1550140000 201.6739810000 -62.7944980000 123.6060180000 178.0009920000 -41.9469990000 105.2710190000 243.6109770000 -59.2396010000 105.7220150000 219.9369810000 -55.6847000000  87.8381200000 261.8739930000 
-77.4541020000   8.5794150000 202.1880040000 -70.1976010000  34.9989170000 222.0829930000 -62.9411010000  61.4185180000 241.9790040000 -55.6847000000  87.8381200000 261.8739930000 -73.7525020000  52.8830150000 180.1470030000 -66.4960020000  79.3025130000 200.0420070000 -59.2396010000 105.7220150000 219.9369810000 -70.0509030000  97.1865160000 158.1060030000 -62.7944980000 123.6060180000 178.0009920000 -66.3494030000 141.4900210000 136.0649870000 
 14.4716000000 140.1380160000 207.0849910000  28.2092990000 122.7050170000 225.3479920000  41.9469990000 105.2710190000 243.6109770000  55.6847000000  87.8381200000 261.8739930000  31.7642000000 140.5890200000 183.4119870000  45.5019000000 123.1550140000 201.6739810000  59.2396010000 105.7220150000 219.9369810000  49.0568010000 141.0400090000 159.7379910000  62.7944980000 123.6060180000 178.0009920000  66.3494030000 141.4900210000 136.0649870000 
 77.4541020000   8.5794150000 202.1880040000  73.7525020000  52.8830150000 180.1470030000  70.0509030000  97.1865160000 158.1060030000  66.3494030000 141.4900210000 136.0649870000  70.1976010000  34.9989170000 222.0829930000  66.4960020000  79.3025130000 200.0420070000  62.7944980000 123.6060180000 178.0009920000  62.9411010000  61.4185180000 241.9790040000  59.2396010000 105.7220150000 219.9369810000  55.6847000000  87.8381200000 261.8739930000 
-14.4716000000 140.1380160000 207.0849910000  -9.6477600000 140.5990140000 219.3589780000  -4.8238800000 141.0590210000 231.6329800000   0.0000000000 141.5200200000 243.9069820000  -9.6477600000 145.3570100000 206.7559810000  -4.8238800000 145.8180080000 219.0299840000   0.0000000000 146.2780150000 231.3039860000  -4.8238800000 150.5760190000 206.4259800000   0.0000000000 151.0370180000 218.6999820000   0.0000000000 155.7950130000 206.0969850000 
 14.4716000000 140.1380160000 207.0849910000   9.6477600000 145.3570100000 206.7559810000   4.8238800000 150.5760190000 206.4259800000   0.0000000000 155.7950130000 206.0969850000   9.6477600000 140.5990140000 219.3589780000   4.8238800000 145.8180080000 219.0299840000   0.0000000000 151.0370180000 218.6999820000   4.8238800000 141.0590210000 231.6329800000   0.0000000000 146.2780150000 231.3039860000   0.0000000000 141.5200200000 243.9069820000 
-55.6847000000  87.8381200000 261.8739930000 -37.1231000000 105.7320250000 255.8849790000 -18.5616000000 123.6260150000 249.8959810000   0.0000000000 141.5200200000 243.9069820000 -41.9469990000 105.2710190000 243.6109770000 -23.3854010000 123.1650160000 237.6219790000  -4.8238800000 141.0590210000 231.6329800000 -28.2092990000 122.7050170000 225.3479920000  -9.6477600000 140.5990140000 219.3589780000 -14.4716000000 140.1380160000 207.0849910000 
 55.6847000000  87.8381200000 261.8739930000  41.9469990000 105.2710190000 243.6109770000  28.2092990000 122.7050170000 225.3479920000  14.4716000000 140.1380160000 207.0849910000  37.1231000000 105.7320250000 255.8849790000  23.3854010000 123.1650160000 237.6219790000   9.6477600000 140.5990140000 219.3589780000  18.5616000000 123.6260150000 249.8959810000   4.8238800000 141.0590210000 231.6329800000   0.0000000000 141.5200200000 243.9069820000 
  0.0000000000 141.5200200000 243.9069820000 -18.5616000000 123.6260150000 249.8959810000 -37.1231000000 105.7320250000 255.8849790000 -55.6847000000  87.8381200000 261.8739930000  18.5616000000 123.6260150000 249.8959810000   0.0000000000 105.7320250000 255.8849790000 -18.5616000000  87.8381200000 261.8739930000  37.1231000000 105.7320250000 255.8849790000  18.5616000000  87.8381200000 261.8739930000  55.6847000000  87.8381200000 261.8739930000 
 55.6847000000  87.8381200000 261.8739930000  18.5616000000  87.8381200000 261.8739930000 -18.5616000000  87.8381200000 261.8739930000 -55.6847000000  87.8381200000 261.8739930000  37.1231000000  50.9632190000 267.4750060000   0.0000000000  50.9632190000 267.4750060000 -37.1231000000  50.9632190000 267.4750060000  18.5616000000  14.0884210000 273.0769960000 -18.5616000000  14.0884210000 273.0769960000   0.0000000000 -22.7863790000 278.6780090000 
-55.6832010000  -9.8253700000 261.9760130000 -55.6837010000  22.7291180000 261.9419860000 -55.6842000000  55.2836190000 261.9079900000 -55.6847000000  87.8381200000 261.8739930000 -62.9402010000  -3.6904420000 242.0469970000 -62.9407010000  28.8640190000 242.0130000000 -62.9411010000  61.4185180000 241.9790040000 -70.1970980000   2.4444870000 222.1179960000 -70.1976010000  34.9989170000 222.0829930000 -77.4541020000   8.5794150000 202.1880040000 
 77.4541020000   8.5794150000 202.1880040000  70.1976010000  34.9989170000 222.0829930000  62.9411010000  61.4185180000 241.9790040000  55.6847000000  87.8381200000 261.8739930000  70.1970980000   2.4444870000 222.1179960000  62.9407010000  28.8640190000 242.0130000000  55.6842000000  55.2836190000 261.9079900000  62.9402010000  -3.6904420000 242.0469970000  55.6837010000  22.7291180000 261.9419860000  55.6832010000  -9.8253700000 261.9760130000 
 -66.4843980000 -105.4619830000  223.8160100000 -62.8839990000 -73.5830840000 236.5359950000 -59.2836000000 -41.7041820000 249.2559970000 -55.6832010000  -9.8253700000 261.9760130000 -70.1409990000 -67.4480820000 216.6069950000 -66.5406040000 -35.5692830000 229.3269960000 -62.9402010000  -3.6904420000 242.0469970000 -73.7975010000 -29.4343850000 209.3979950000 -70.1970980000   2.4444870000 222.1179960000 -77.4541020000   8.5794150000 202.1880040000 
  66.4843980000 -105.4619830000  223.8160100000  70.1409990000 -67.4480820000 216.6069950000  73.7975010000 -29.4343850000 209.3979950000  77.4541020000   8.5794150000 202.1880040000  62.8839990000 -73.5830840000 236.5359950000  66.5406040000 -35.5692830000 229.3269960000  70.1970980000   2.4444870000 222.1179960000  59.2836000000 -41.7041820000 249.2559970000  62.9402010000  -3.6904420000 242.0469970000  55.6832010000  -9.8253700000 261.9760130000 
-55.6847000000  87.8381200000 261.8739930000 -55.6842000000  55.2836190000 261.9079900000 -55.6837010000  22.7291180000 261.9419860000 -55.6832010000  -9.8253700000 261.9760130000 -37.1231000000  50.9632190000 267.4750060000 -37.1226010000  18.4088210000 267.5090030000 -37.1222000000 -14.1456800000 267.5429990000 -18.5616000000  14.0884210000 273.0769960000 -18.5611000000 -18.4660800000 273.1109920000   0.0000000000 -22.7863790000 278.6780090000 
 55.6847000000  87.8381200000 261.8739930000  37.1231000000  50.9632190000 267.4750060000  18.5616000000  14.0884210000 273.0769960000   0.0000000000 -22.7863790000 278.6780090000  55.6842000000  55.2836190000 261.9079900000  37.1226010000  18.4088210000 267.5090030000  18.5611000000 -18.4660800000 273.1109920000  55.6837010000  22.7291180000 261.9419860000  37.1222000000 -14.1456800000 267.5429990000  55.6832010000  -9.8253700000 261.9760130000 
-55.6832010000  -9.8253700000 261.9760130000 -59.2836000000 -41.7041820000 249.2559970000 -62.8839990000 -73.5830840000 236.5359950000  -66.4843980000 -105.4619830000  223.8160100000 -45.1055980000 -40.4889790000 268.8399960000 -48.7058980000 -72.3677750000 256.1199950000  -52.3063010000 -104.2469860000  243.4000090000 -34.5279010000 -71.1525800000 275.7040100000  -38.1283000000 -103.0309750000  262.9840090000  -23.9501990000 -101.8159790000  282.5679930000 
-55.6832010000  -9.8253700000 261.9760130000 -45.1055980000 -40.4889790000 268.8399960000 -34.5279010000 -71.1525800000 275.7040100000  -23.9501990000 -101.8159790000  282.5679930000 -37.1222000000 -14.1456800000 267.5429990000 -26.5445000000 -44.8092800000 274.4070130000 -15.9668000000 -75.4728780000 281.2709960000 -18.5611000000 -18.4660800000 273.1109920000  -7.9834000000 -49.1296770000 279.9750060000   0.0000000000 -22.7863790000 278.6780090000 
 55.6832010000  -9.8253700000 261.9760130000  37.1222000000 -14.1456800000 267.5429990000  18.5611000000 -18.4660800000 273.1109920000   0.0000000000 -22.7863790000 278.6780090000  45.1055980000 -40.4889790000 268.8399960000  26.5445000000 -44.8092800000 274.4070130000   7.9834000000 -49.1296770000 279.9750060000  34.5279010000 -71.1525800000 275.7040100000  15.9668000000 -75.4728780000 281.2709960000   23.9501990000 -101.8159790000  282.5679930000 
 55.6832010000  -9.8253700000 261.9760130000  45.1055980000 -40.4889790000 268.8399960000  34.5279010000 -71.1525800000 275.7040100000   23.9501990000 -101.8159790000  282.5679930000  59.2836000000 -41.7041820000 249.2559970000  48.7058980000 -72.3677750000 256.1199950000   38.1283000000 -103.0309750000  262.9840090000  62.8839990000 -73.5830840000 236.5359950000   52.3063010000 -104.2469860000  243.4000090000   66.4843980000 -105.4619830000  223.8160100000 
 -23.9501990000 -101.8159790000  282.5679930000   -7.9834000000 -101.8159790000  282.5679930000    7.9834000000 -101.8159790000  282.5679930000   23.9501990000 -101.8159790000  282.5679930000 -15.9668000000 -75.4728780000 281.2709960000   0.0000000000 -75.4728780000 281.2709960000  15.9668000000 -75.4728780000 281.2709960000  -7.9834000000 -49.1296770000 279.9750060000   7.9834000000 -49.1296770000 279.9750060000   0.0000000000 -22.7863790000 278.6780090000 
 -66.4843980000 -105.4619830000  223.8160100000  -66.4394000000 -114.1219860000  197.3730160000  -66.3944020000 -122.7819820000  170.9300080000  -66.3494030000 -131.4419860000  144.4870150000 -84.3529970000 -81.3255840000 222.4030000000 -84.3079990000 -89.9854810000 195.9600070000 -84.2630000000 -98.6453860000 169.5169980000 -102.2220000000  -57.1891860000  220.9900050000 -102.1770020000  -65.8491820000  194.5469970000 -120.0899960000  -33.0528830000  219.5769960000 
  66.4843980000 -105.4619830000  223.8160100000  84.3529970000 -81.3255840000 222.4030000000 102.2220000000 -57.1891860000 220.9900050000 120.0899960000 -33.0528830000 219.5769960000   66.4394000000 -114.1219860000  197.3730160000  84.3079990000 -89.9854810000 195.9600070000 102.1770020000 -65.8491820000 194.5469970000   66.3944020000 -122.7819820000  170.9300080000  84.2630000000 -98.6453860000 169.5169980000   66.3494030000 -131.4419860000  144.4870150000 
120.0899960000 -33.0528830000 219.5769960000 102.2220000000 -57.1891860000 220.9900050000  84.3529970000 -81.3255840000 222.4030000000   66.4843980000 -105.4619830000  223.8160100000 104.8919980000 -42.2055820000 238.9750060000  87.0234990000 -66.3418880000 240.3880000000  69.1549990000 -90.4781880000 241.8009950000  89.6940990000 -51.3581810000 258.3729860000  71.8255000000 -75.4945760000 259.7860110000  74.4961010000 -60.5108800000 277.7709960000 
-120.0899960000  -33.0528830000  219.5769960000 -104.8919980000  -42.2055820000  238.9750060000 -89.6940990000 -51.3581810000 258.3729860000 -74.4961010000 -60.5108800000 277.7709960000 -102.2220000000  -57.1891860000  220.9900050000 -87.0234990000 -66.3418880000 240.3880000000 -71.8255000000 -75.4945760000 259.7860110000 -84.3529970000 -81.3255840000 222.4030000000 -69.1549990000 -90.4781880000 241.8009950000  -66.4843980000 -105.4619830000  223.8160100000 
 -23.9501990000 -101.8159790000  282.5679930000  -38.1283000000 -103.0309750000  262.9840090000  -52.3063010000 -104.2469860000  243.4000090000  -66.4843980000 -105.4619830000  223.8160100000 -40.7988010000 -88.0477750000 280.9689940000 -54.9768980000 -89.2629780000 261.3850100000 -69.1549990000 -90.4781880000 241.8009950000 -57.6474990000 -74.2793810000 279.3699950000 -71.8255000000 -75.4945760000 259.7860110000 -74.4961010000 -60.5108800000 277.7709960000 
  23.9501990000 -101.8159790000  282.5679930000  40.7988010000 -88.0477750000 280.9689940000  57.6474990000 -74.2793810000 279.3699950000  74.4961010000 -60.5108800000 277.7709960000   38.1283000000 -103.0309750000  262.9840090000  54.9768980000 -89.2629780000 261.3850100000  71.8255000000 -75.4945760000 259.7860110000   52.3063010000 -104.2469860000  243.4000090000  69.1549990000 -90.4781880000 241.8009950000   66.4843980000 -105.4619830000  223.8160100000 
  66.3494030000 -131.4419860000  144.4870150000   44.2328990000 -156.4889830000  138.9220120000   22.1165010000 -181.5359800000  133.3560180000   -0.0000000000 -225.5139160000  123.7394030000   44.2328990000 -131.4419860000  144.4870150000   22.1165010000 -156.4889830000  138.9220120000    0.0000000000 -181.5359800000  133.3560180000   22.1165010000 -131.4419860000  144.4870150000    0.0000000000 -156.4889830000  138.9220120000    0.0000000000 -131.4419860000  144.4870150000 
   0.0000000000 -131.4419860000  144.4870150000    0.0000000000 -156.4889830000  138.9220120000    0.0000000000 -181.5359800000  133.3560180000   -0.0000000000 -225.5139160000  123.7394030000  -22.1165010000 -131.4419860000  144.4870150000  -22.1165010000 -156.4889830000  138.9220120000  -22.1165010000 -181.5359800000  133.3560180000  -44.2328990000 -131.4419860000  144.4870150000  -44.2328990000 -156.4889830000  138.9220120000  -66.3494030000 -131.4419860000  144.4870150000 
  -0.0000000000 -225.5139160000  123.7394030000  -23.6383990000 -188.8619840000  132.7530210000  -47.2767980000 -171.1409910000  137.7160190000  -70.9151990000 -153.4199830000  142.6790160000  -22.1165010000 -181.5359800000  133.3560180000  -45.7547990000 -163.8149870000  138.3190160000  -69.3932040000 -146.0939790000  143.2820130000  -44.2328990000 -156.4889830000  138.9220120000  -67.8713000000 -138.7679900000  143.8850100000  -66.3494030000 -131.4419860000  144.4870150000 
  -0.0000000000 -225.5139160000  123.7394030000   22.1165010000 -181.5359800000  133.3560180000   44.2328990000 -156.4889830000  138.9220120000   66.3494030000 -131.4419860000  144.4870150000   23.6383990000 -188.8619840000  132.7530210000   45.7547990000 -163.8149870000  138.3190160000   67.8713000000 -138.7679900000  143.8850100000   47.2767980000 -171.1409910000  137.7160190000   69.3932040000 -146.0939790000  143.2820130000   70.9151990000 -153.4199830000  142.6790160000 
120.0899960000 -33.0528830000 219.5769960000 103.6979980000 -73.1750870000 193.9440000000   87.3068010000 -113.2969820000  168.3120120000   70.9151990000 -153.4199830000  142.6790160000 102.1770020000 -65.8491820000 194.5469970000   85.7848970000 -105.9709850000  168.9140170000   69.3932040000 -146.0939790000  143.2820130000  84.2630000000 -98.6453860000 169.5169980000   67.8713000000 -138.7679900000  143.8850100000   66.3494030000 -131.4419860000  144.4870150000 
-120.0899960000  -33.0528830000  219.5769960000 -102.1770020000  -65.8491820000  194.5469970000 -84.2630000000 -98.6453860000 169.5169980000  -66.3494030000 -131.4419860000  144.4870150000 -103.6979980000  -73.1750870000  193.9440000000  -85.7848970000 -105.9709850000  168.9140170000  -67.8713000000 -138.7679900000  143.8850100000  -87.3068010000 -113.2969820000  168.3120120000  -69.3932040000 -146.0939790000  143.2820130000  -70.9151990000 -153.4199830000  142.6790160000 
  70.9151990000 -153.4199830000  142.6790160000   87.3068010000 -113.2969820000  168.3120120000 103.6979980000 -73.1750870000 193.9440000000 120.0899960000 -33.0528830000 219.5769960000   90.9427030000 -126.3929820000  170.4150090000 107.3340000000 -86.2709880000 196.0480040000 123.7259980000 -46.1486850000 221.6810000000 110.9700010000 -99.3668820000 198.1519930000 127.3620000000 -59.2445830000 223.7850040000 130.9980010000 -72.3404850000 225.8890080000 
 -70.9151990000 -153.4199830000  142.6790160000  -90.9427030000 -126.3929820000  170.4150090000 -110.9700010000  -99.3668820000  198.1519930000 -130.9980010000  -72.3404850000  225.8890080000  -87.3068010000 -113.2969820000  168.3120120000 -107.3340000000  -86.2709880000  196.0480040000 -127.3620000000  -59.2445830000  223.7850040000 -103.6979980000  -73.1750870000  193.9440000000 -123.7259980000  -46.1486850000  221.6810000000 -120.0899960000  -33.0528830000  219.5769960000 
130.9980010000 -72.3404850000 225.8890080000 127.3620000000 -59.2445830000 223.7850040000 123.7259980000 -46.1486850000 221.6810000000 120.0899960000 -33.0528830000 219.5769960000 120.5520020000 -80.5199810000 246.9989930000 116.9160000000 -67.4241870000 244.8950040000 113.2799990000 -54.3282810000 242.7920070000 110.1060030000 -88.6995770000 268.1099850000 106.4700010000 -75.6036760000 266.0060120000  99.6602020000 -96.8790740000 289.2210080000 
 74.4961010000 -60.5108800000 277.7709960000  57.6474990000 -74.2793810000 279.3699950000  40.7988010000 -88.0477750000 280.9689940000   23.9501990000 -101.8159790000  282.5679930000  82.8841020000 -72.6336750000 281.5870060000  66.0355000000 -86.4020770000 283.1860050000   49.1869010000 -100.1709750000  284.7850040000  91.2722020000 -84.7563780000 285.4039920000  74.4235990000 -98.5247800000 287.0029910000  99.6602020000 -96.8790740000 289.2210080000 
-60.7510990000 -61.2161940000 104.2770080000 -57.5550990000 -65.0199890000  66.6530080000 -54.3591000000 -68.8237000000  29.0294060000 -51.1631010000 -72.6274030000  -8.5941840000 -57.5550990000 -82.7228930000  66.6530080000 -54.3591000000 -86.5266040000  29.0294060000 -51.1631010000 -90.3302990000  -8.5941830000  -54.3591000000 -104.2289960000   29.0294080000  -51.1631010000 -108.0329970000   -8.5941810000  -51.1631010000 -125.7360000000   -8.5941800000 
  6.8902500000 -72.6274030000  -8.5941840000  21.6479000000 -72.6274030000  -8.5941840000  36.4054990000 -72.6274030000  -8.5941840000  51.1631010000 -72.6274030000  -8.5941840000  21.6479000000 -90.3302990000  -8.5941830000  36.4054990000 -90.3302990000  -8.5941830000  51.1631010000 -90.3302990000  -8.5941830000   36.4054990000 -108.0329970000   -8.5941810000   51.1631010000 -108.0329970000   -8.5941810000   51.1631010000 -125.7360000000   -8.5941800000 
  51.1631010000 -125.7360000000   -8.5941800000   51.1631010000 -108.0329970000   -8.5941810000  51.1631010000 -90.3302990000  -8.5941830000  51.1631010000 -72.6274030000  -8.5941840000   54.3591000000 -104.2289960000   29.0294080000  54.3591000000 -86.5266040000  29.0294060000  54.3591000000 -68.8237000000  29.0294060000  57.5550990000 -82.7228930000  66.6530080000  57.5550990000 -65.0199890000  66.6530080000  60.7510990000 -61.2161940000 104.2770080000 
  51.1631010000 -125.7360000000   -8.5941800000   56.2252010000 -127.6380000000   42.4330100000   61.2873000000 -129.5399930000   93.4602050000   66.3494030000 -131.4419860000  144.4870150000   34.1087000000 -127.6380000000   42.4330100000   39.1707990000 -129.5399930000   93.4602050000   44.2328990000 -131.4419860000  144.4870150000   17.0543990000 -129.5399930000   93.4602050000   22.1165010000 -131.4419860000  144.4870150000    0.0000000000 -131.4419860000  144.4870150000 
-51.1631010000 -72.6274030000  -8.5941840000 -54.3591000000 -68.8237000000  29.0294060000 -57.5550990000 -65.0199890000  66.6530080000 -60.7510990000 -61.2161940000 104.2770080000 -34.1087000000 -68.8237000000  29.0294060000 -37.3046990000 -65.0199890000  66.6530080000 -40.5007020000 -61.2161940000 104.2770080000 -17.0543990000 -65.0199890000  66.6530080000 -20.2504010000 -61.2161940000 104.2770080000   0.0000000000 -61.2161940000 104.2770080000 
 51.1631010000 -72.6274030000  -8.5941840000  36.4054990000 -72.6274030000  -8.5941840000  21.6479000000 -72.6274030000  -8.5941840000   6.8902500000 -72.6274030000  -8.5941840000  34.1087000000 -68.8237000000  29.0294060000  19.3511010000 -68.8237000000  29.0294060000   4.5935000000 -68.8237000000  29.0294060000  17.0543990000 -65.0199890000  66.6530080000   2.2967500000 -65.0199890000  66.6530080000   0.0000000000 -61.2161940000 104.2770080000 
  0.0000000000 -61.2161940000 104.2770080000   0.0000000000 -84.6246950000 117.6800080000    0.0000000000 -108.0329900000  131.0840150000    0.0000000000 -131.4419860000  144.4870150000  -2.2967500000 -82.7228930000  66.6530080000   -2.2967500000 -106.1309890000   80.0566100000   -2.2967500000 -129.5399930000   93.4602050000   -4.5935000000 -104.2289960000   29.0294080000   -4.5935000000 -127.6380000000   42.4330100000   -6.8902500000 -125.7360000000   -8.5941800000 
 -51.1631010000 -125.7360000000   -8.5941800000  -36.4054990000 -125.7360000000   -8.5941800000  -21.6479000000 -125.7360000000   -8.5941800000   -6.8902500000 -125.7360000000   -8.5941800000  -34.1087000000 -127.6380000000   42.4330100000  -19.3511010000 -127.6380000000   42.4330100000   -4.5935000000 -127.6380000000   42.4330100000  -17.0543990000 -129.5399930000   93.4602050000   -2.2967500000 -129.5399930000   93.4602050000    0.0000000000 -131.4419860000  144.4870150000 
  6.8902500000 135.5130000000  -8.5942000000  21.6479000000 135.5130000000  -8.5942000000  36.4054990000 135.5130000000  -8.5942000000  51.1631010000 135.5130000000  -8.5942000000  21.6479000000 117.8099980000  -8.5941980000  36.4054990000 117.8099980000  -8.5941980000  51.1631010000 117.8099980000  -8.5941980000  36.4054990000 100.1070020000  -8.5941970000  51.1631010000 100.1070020000  -8.5941970000 51.1631010000 82.4040990000 -8.5941960000 
  0.0000000000 -61.2161940000 104.2770080000   2.2967500000 -65.0199890000  66.6530080000   4.5935000000 -68.8237000000  29.0294060000   6.8902500000 -72.6274030000  -8.5941840000   2.2967500000 -82.7228930000  66.6530080000   4.5935000000 -86.5266040000  29.0294060000   6.8902500000 -90.3302990000  -8.5941830000    4.5935000000 -104.2289960000   29.0294080000    6.8902500000 -108.0329970000   -8.5941810000    6.8902500000 -125.7360000000   -8.5941800000 
-51.1631010000 -72.6274030000  -8.5941840000 -36.4054990000 -72.6274030000  -8.5941840000 -21.6479000000 -72.6274030000  -8.5941840000  -6.8902500000 -72.6274030000  -8.5941840000 -36.4054990000 -90.3302990000  -8.5941830000 -21.6479000000 -90.3302990000  -8.5941830000  -6.8902500000 -90.3302990000  -8.5941830000  -21.6479000000 -108.0329970000   -8.5941810000   -6.8902500000 -108.0329970000   -8.5941810000   -6.8902500000 -125.7360000000   -8.5941800000 
-51.1631010000  75.0684050000  86.8879930000 -56.2252010000  97.2089080000 103.2799910000 -61.2873000000 119.3500060000 119.6729890000 -66.3494030000 141.4900210000 136.0649870000 -51.1631010000  95.2165070000  55.0605930000 -56.2252010000 117.3570100000  71.4528960000 -61.2873000000 139.4980010000  87.8451920000 -51.1631010000 115.3649980000  23.2331910000 -56.2252010000 137.5050050000  39.6254880000 -51.1631010000 135.5130000000  -8.5942000000 
 51.1631010000 135.5130000000  -8.5942000000  56.2252010000 137.5050050000  39.6254880000  61.2873000000 139.4980010000  87.8451920000  66.3494030000 141.4900210000 136.0649870000  51.1631010000 115.3649980000  23.2331910000  56.2252010000 117.3570100000  71.4528960000  61.2873000000 119.3500060000 119.6729890000 51.1631010000 95.2165070000 55.0605930000  56.2252010000  97.2089080000 103.2799910000 51.1631010000 75.0684050000 86.8879930000 
 6.8902500000 82.4040990000 -8.5941960000 21.6479000000 82.4040990000 -8.5941960000 36.4054990000 82.4040990000 -8.5941960000 51.1631010000 82.4040990000 -8.5941960000 21.6479000000 79.9589000000 23.2331940000 36.4054990000 79.9589000000 23.2331940000 51.1631010000 79.9589000000 23.2331940000 36.4054990000 77.5136110000 55.0605930000 51.1631010000 77.5136110000 55.0605930000 51.1631010000 75.0684050000 86.8879930000 
-51.1631010000 135.5130000000  -8.5942000000 -56.2252010000 137.5050050000  39.6254880000 -61.2873000000 139.4980010000  87.8451920000 -66.3494030000 141.4900210000 136.0649870000 -34.1087000000 138.7209930000  37.3976900000 -39.1707990000 140.7140050000  85.6172940000 -44.2328990000 142.7060090000 133.8369900000 -17.0543990000 141.9299930000  83.3894960000 -22.1165010000 143.9220120000 131.6089780000   0.0000000000 145.1380160000 129.3809810000 
 51.1631010000 135.5130000000  -8.5942000000  36.4054990000 135.5130000000  -8.5942000000  21.6479000000 135.5130000000  -8.5942000000   6.8902500000 135.5130000000  -8.5942000000  34.1087000000 138.7209930000  37.3976900000  19.3511010000 138.7209930000  37.3976900000   4.5935000000 138.7209930000  37.3976900000  17.0543990000 141.9299930000  83.3894960000   2.2967500000 141.9299930000  83.3894960000   0.0000000000 145.1380160000 129.3809810000 
 0.0000000000 78.9448090000 83.9472960000 -2.2967500000 80.0979080000 53.1000940000 -4.5935000000 81.2509990000 22.2529950000 -6.8902500000 82.4040990000 -8.5941960000 -2.2967500000 97.8008040000 53.1000940000 -4.5935000000 98.9539030000 22.2529930000  -6.8902500000 100.1070020000  -8.5941970000  -4.5935000000 116.6569980000  22.2529910000  -6.8902500000 117.8099980000  -8.5941980000  -6.8902500000 135.5130000000  -8.5942000000 
-6.8902500000 82.4040990000 -8.5941960000 -4.5935000000 81.2509990000 22.2529950000 -2.2967500000 80.0979080000 53.1000940000  0.0000000000 78.9448090000 83.9472960000 -21.6479000000  79.9589000000  23.2331940000 -19.3511010000  78.8058090000  54.0803910000 -17.0543990000  77.6526110000  84.9274900000 -36.4054990000  77.5136110000  55.0605930000 -34.1087000000  76.3605040000  85.9077910000 -51.1631010000  75.0684050000  86.8879930000 
  6.8902500000 135.5130000000  -8.5942000000   6.8902500000 117.8099980000  -8.5941980000   6.8902500000 100.1070020000  -8.5941970000  6.8902500000 82.4040990000 -8.5941960000   4.5935000000 116.6569980000  22.2529910000  4.5935000000 98.9539030000 22.2529930000  4.5935000000 81.2509990000 22.2529950000  2.2967500000 97.8008040000 53.1000940000  2.2967500000 80.0979080000 53.1000940000  0.0000000000 78.9448090000 83.9472960000 
-51.1631010000 135.5130000000  -8.5942000000 -36.4054990000 135.5130000000  -8.5942000000 -21.6479000000 135.5130000000  -8.5942000000  -6.8902500000 135.5130000000  -8.5942000000 -36.4054990000 117.8099980000  -8.5941980000 -21.6479000000 117.8099980000  -8.5941980000  -6.8902500000 117.8099980000  -8.5941980000 -21.6479000000 100.1070020000  -8.5941970000  -6.8902500000 100.1070020000  -8.5941970000 -6.8902500000 82.4040990000 -8.5941960000 
 12.8469000000 159.7899930000  50.2915880000   4.2822900000 159.7899930000  50.2915880000  -4.2822900000 159.7899930000  50.2915880000 -12.8469000000 159.7899930000  50.2915880000   4.2564400000 159.5090030000  80.5272830000  -4.3081500000 159.5090030000  80.5272830000 -12.8727000000 159.5090030000  80.5272830000  -4.3340100000 159.2280120000 110.7629850000 -12.8986000000 159.2280120000 110.7629850000 -12.9244000000 158.9460140000 140.9989780000 
-130.9980010000  -72.3404850000  225.8890080000 -120.5520020000  -80.5199810000  246.9989930000 -110.1060030000  -88.6995770000  268.1099850000 -99.6602020000 -96.8790740000 289.2210080000 -127.3620000000  -59.2445830000  223.7850040000 -116.9160000000  -67.4241870000  244.8950040000 -106.4700010000  -75.6036760000  266.0060120000 -123.7259980000  -46.1486850000  221.6810000000 -113.2799990000  -54.3282810000  242.7920070000 -120.0899960000  -33.0528830000  219.5769960000 
120.0899960000 -33.0528830000 219.5769960000 104.8919980000 -42.2055820000 238.9750060000  89.6940990000 -51.3581810000 258.3729860000  74.4961010000 -60.5108800000 277.7709960000 113.2799990000 -54.3282810000 242.7920070000  98.0821990000 -63.4809800000 262.1900020000  82.8841020000 -72.6336750000 281.5870060000 106.4700010000 -75.6036760000 266.0060120000  91.2722020000 -84.7563780000 285.4039920000  99.6602020000 -96.8790740000 289.2210080000 
-99.6602020000 -96.8790740000 289.2210080000 -91.2722020000 -84.7563780000 285.4039920000 -82.8841020000 -72.6336750000 281.5870060000 -74.4961010000 -60.5108800000 277.7709960000 -106.4700010000  -75.6036760000  266.0060120000 -98.0821990000 -63.4809800000 262.1900020000 -89.6940990000 -51.3581810000 258.3729860000 -113.2799990000  -54.3282810000  242.7920070000 -104.8919980000  -42.2055820000  238.9750060000 -120.0899960000  -33.0528830000  219.5769960000 
-74.4961010000 -60.5108800000 277.7709960000 -82.8841020000 -72.6336750000 281.5870060000 -91.2722020000 -84.7563780000 285.4039920000 -99.6602020000 -96.8790740000 289.2210080000 -57.6474990000 -74.2793810000 279.3699950000 -66.0355000000 -86.4020770000 283.1860050000 -74.4235990000 -98.5247800000 287.0029910000 -40.7988010000 -88.0477750000 280.9689940000  -49.1869010000 -100.1709750000  284.7850040000  -23.9501990000 -101.8159790000  282.5679930000 
130.9980010000 -72.3404850000 225.8890080000 120.5520020000 -80.5199810000 246.9989930000 110.1060030000 -88.6995770000 268.1099850000  99.6602020000 -96.8790740000 289.2210080000 110.9700010000 -99.3668820000 198.1519930000  100.5240020000 -107.5459820000  219.2630160000   90.0784990000 -115.7259830000  240.3730160000   90.9427030000 -126.3929820000  170.4150090000   80.4968030000 -134.5729830000  191.5260160000   70.9151990000 -153.4199830000  142.6790160000 
-130.9980010000  -72.3404850000  225.8890080000 -110.9700010000  -99.3668820000  198.1519930000  -90.9427030000 -126.3929820000  170.4150090000  -70.9151990000 -153.4199830000  142.6790160000 -120.5520020000  -80.5199810000  246.9989930000 -100.5240020000 -107.5459820000  219.2630160000  -80.4968030000 -134.5729830000  191.5260160000 -110.1060030000  -88.6995770000  268.1099850000  -90.0784990000 -115.7259830000  240.3730160000 -99.6602020000 -96.8790740000 289.2210080000 
-99.6602020000 -96.8790740000 289.2210080000  -90.0784990000 -115.7259830000  240.3730160000  -80.4968030000 -134.5729830000  191.5260160000  -70.9151990000 -153.4199830000  142.6790160000  -79.3649980000 -116.6469800000  284.8340150000  -69.7833020000 -135.4939880000  235.9860080000  -60.2015990000 -154.3409880000  187.1390230000  -59.0698010000 -136.4149780000  280.4469910000  -49.4880980000 -155.2619780000  231.6000210000  -38.7746010000 -156.1829830000  276.0599980000 
 99.6602020000 -96.8790740000 289.2210080000   78.4014970000 -118.5819780000  282.6619870000   57.1427990000 -140.2849880000  276.1029970000   35.8841020000 -161.9869840000  269.5440060000   90.0784990000 -115.7259830000  240.3730160000   68.8198010000 -137.4289860000  233.8150180000   47.5611000000 -159.1309810000  227.2560120000   80.4968030000 -134.5729830000  191.5260160000   59.2380980000 -156.2749790000  184.9670100000   70.9151990000 -153.4199830000  142.6790160000 
 -38.7746010000 -156.1829830000  276.0599980000  -33.8330990000 -138.0609890000  278.2290040000  -28.8917010000 -119.9389800000  280.3980100000  -23.9501990000 -101.8159790000  282.5679930000  -59.0698010000 -136.4149780000  280.4469910000  -54.1283000000 -118.2929760000  282.6159970000  -49.1869010000 -100.1709750000  284.7850040000  -79.3649980000 -116.6469800000  284.8340150000 -74.4235990000 -98.5247800000 287.0029910000 -99.6602020000 -96.8790740000 289.2210080000 
  35.8841020000 -161.9869840000  269.5440060000   57.1427990000 -140.2849880000  276.1029970000   78.4014970000 -118.5819780000  282.6619870000  99.6602020000 -96.8790740000 289.2210080000   31.9060990000 -141.9299770000  273.8850100000   53.1647990000 -120.2279740000  280.4440000000  74.4235990000 -98.5247800000 287.0029910000   27.9282000000 -121.8729780000  278.2269900000   49.1869010000 -100.1709750000  284.7850040000   23.9501990000 -101.8159790000  282.5679930000 
  23.9501990000 -101.8159790000  282.5679930000   15.9668000000 -133.0209810000  282.3299870000    7.9834000000 -164.2259830000  282.0929870000    0.0000000000 -195.4309840000  281.8559880000   27.9282000000 -121.8729780000  278.2269900000   19.9447990000 -153.0779880000  277.9890140000   11.9614000000 -184.2829900000  277.7520140000   31.9060990000 -141.9299770000  273.8850100000   23.9227010000 -173.1349790000  273.6480100000   35.8841020000 -161.9869840000  269.5440060000 
  23.9501990000 -101.8159790000  282.5679930000    7.9834000000 -101.8159790000  282.5679930000   -7.9834000000 -101.8159790000  282.5679930000  -23.9501990000 -101.8159790000  282.5679930000   15.9668000000 -133.0209810000  282.3299870000    0.0000000000 -133.0209810000  282.3299870000  -15.9668000000 -133.0209810000  282.3299870000    7.9834000000 -164.2259830000  282.0929870000   -7.9834000000 -164.2259830000  282.0929870000    0.0000000000 -195.4309840000  281.8559880000 
 -38.7746010000 -156.1829830000  276.0599980000  -25.8497010000 -169.2659910000  277.9920040000  -12.9249000000 -182.3479920000  279.9240110000    0.0000000000 -195.4309840000  281.8559880000  -33.8330990000 -138.0609890000  278.2290040000  -20.9083000000 -151.1429900000  280.1610110000   -7.9834000000 -164.2259830000  282.0929870000  -28.8917010000 -119.9389800000  280.3980100000  -15.9668000000 -133.0209810000  282.3299870000  -23.9501990000 -101.8159790000  282.5679930000 
 -54.7279010000 -214.0049900000  229.4790190000  -36.4851990000 -207.8139800000  246.9380190000  -18.2425990000 -201.6219790000  264.3970030000    0.0000000000 -195.4309840000  281.8559880000  -49.4100990000 -194.7309880000  245.0060120000  -31.1675000000 -188.5399780000  262.4649960000  -12.9249000000 -182.3479920000  279.9240110000  -44.0923000000 -175.4569850000  260.5329900000  -25.8497010000 -169.2659910000  277.9920040000  -38.7746010000 -156.1829830000  276.0599980000 
  54.7279010000 -214.0049900000  229.4790190000   48.4466020000 -196.6659850000  242.8340150000   42.1652980000 -179.3269810000  256.1889950000   35.8841020000 -161.9869840000  269.5440060000   36.4851990000 -207.8139800000  246.9380190000   30.2040000000 -190.4739840000  260.2929990000   23.9227010000 -173.1349790000  273.6480100000   18.2425990000 -201.6219790000  264.3970030000   11.9614000000 -184.2829900000  277.7520140000    0.0000000000 -195.4309840000  281.8559880000 
 -38.7746010000 -156.1829830000  276.0599980000  -49.4880980000 -155.2619780000  231.6000210000  -60.2015990000 -154.3409880000  187.1390230000  -70.9151990000 -153.4199830000  142.6790160000  -44.0923000000 -175.4569850000  260.5329900000  -54.8059010000 -174.5359800000  216.0720210000  -65.5194020000 -173.6149900000  171.6120150000  -49.4100990000 -194.7309880000  245.0060120000  -60.1236000000 -193.8099820000  200.5450130000  -54.7279010000 -214.0049900000  229.4790190000 
  35.8841020000 -161.9869840000  269.5440060000   42.1652980000 -179.3269810000  256.1889950000   48.4466020000 -196.6659850000  242.8340150000   54.7279010000 -214.0049900000  229.4790190000   47.5611000000 -159.1309810000  227.2560120000   53.8424000000 -176.4709780000  213.9010160000   60.1236000000 -193.8099820000  200.5450130000   59.2380980000 -156.2749790000  184.9670100000   65.5194020000 -173.6149900000  171.6120150000   70.9151990000 -153.4199830000  142.6790160000 
 -54.7279010000 -214.0049900000  229.4790190000  -60.1236000000 -193.8099820000  200.5450130000  -65.5194020000 -173.6149900000  171.6120150000  -70.9151990000 -153.4199830000  142.6790160000  -51.7462010000 -225.2479860000  196.5060120000  -57.1419980000 -205.0519870000  167.5720210000  -62.5378000000 -184.8569790000  138.6390230000  -48.7645990000 -236.5284270000  169.0237580000  -54.1604000000 -231.2129060000  134.1416630000  -63.5347980000 -261.1944270000  144.4231110000 
  54.7279010000 -214.0049900000  229.4790190000   51.7462010000 -225.2479860000  196.5060120000   48.7645990000 -236.5284270000  169.0237580000   63.5347980000 -261.1944270000  144.4231110000   60.1236000000 -193.8099820000  200.5450130000   57.1419980000 -205.0519870000  167.5720210000   54.1604000000 -231.2129060000  134.1416630000   65.5194020000 -173.6149900000  171.6120150000   62.5378000000 -184.8569790000  138.6390230000   70.9151990000 -153.4199830000  142.6790160000 
   0.0000000000 -195.4309840000  281.8559880000  -18.2425990000 -201.6219790000  264.3970030000  -36.4851990000 -207.8139800000  246.9380190000  -54.7279010000 -214.0049900000  229.4790190000    0.0000000000 -210.7059780000  263.1100160000  -18.2425990000 -216.8979800000  245.6510160000  -36.4851990000 -223.0889890000  228.1920170000    0.0000000000 -225.9819790000  244.3650210000  -18.2425990000 -232.1729890000  226.9050140000    0.0000000000 -241.2579800000  225.6190190000 
   0.0000000000 -195.4309840000  281.8559880000    0.0000000000 -210.7059780000  263.1100160000    0.0000000000 -225.9819790000  244.3650210000    0.0000000000 -241.2579800000  225.6190190000   18.2425990000 -201.6219790000  264.3970030000   18.2425990000 -216.8979800000  245.6510160000   18.2425990000 -232.1729890000  226.9050140000   36.4851990000 -207.8139800000  246.9380190000   36.4851990000 -223.0889890000  228.1920170000   54.7279010000 -214.0049900000  229.4790190000 
  63.5347980000 -261.1944270000  144.4231110000   48.7645990000 -236.5284270000  169.0237580000   51.7462010000 -225.2479860000  196.5060120000   54.7279010000 -214.0049900000  229.4790190000   30.5219990000 -245.2448730000  171.8871310000   33.5036010000 -234.3319850000  195.2190090000   36.4851990000 -223.0889890000  228.1920170000   15.2610000000 -243.4159850000  193.9320220000   18.2425990000 -232.1729890000  226.9050140000    0.0000000000 -241.2579800000  225.6190190000 
 -63.5347980000 -261.1944270000  144.4231110000  -30.5219990000 -245.2448730000  171.8871310000  -15.2610000000 -243.4159850000  193.9320220000    0.0000000000 -241.2579800000  225.6190190000  -48.7645990000 -236.5284270000  169.0237580000  -33.5036010000 -234.3319850000  195.2190090000  -18.2425990000 -232.1729890000  226.9050140000  -51.7462010000 -225.2479860000  196.5060120000  -36.4851990000 -223.0889890000  228.1920170000  -54.7279010000 -214.0049900000  229.4790190000 
  63.5347980000 -261.1944270000  144.4231110000   30.5219990000 -245.2448730000  171.8871310000   15.2610000000 -243.4159850000  193.9320220000    0.0000000000 -241.2579800000  225.6190190000   42.3565290000 -262.9068300000  146.8586430000   15.2610000000 -246.9568330000  174.3235470000    0.0000000000 -246.0289920000  195.3600160000   21.1782650000 -264.6188050000  149.2950440000   -0.0000000000 -248.6692350000  176.7590790000    0.0000000000 -266.3312070000  151.7305760000 
 -63.5347980000 -261.1944270000  144.4231110000  -54.1604000000 -231.2129060000  134.1416630000  -62.5378000000 -184.8569790000  138.6390230000  -70.9151990000 -153.4199830000  142.6790160000  -39.6451000000 -249.8419800000  142.6860350000  -48.0224000000 -205.3449860000  138.0630190000  -56.3997990000 -173.9069820000  142.1020200000  -33.5070990000 -238.4895630000  140.9489590000  -41.8844990000 -194.3949890000  141.5260160000  -27.3691010000 -227.1371460000  139.2118990000 
  -0.0000000000 -225.5139160000  123.7394030000   23.6383990000 -188.8619840000  132.7530210000   47.2767980000 -171.1409910000  137.7160190000   70.9151990000 -153.4199830000  142.6790160000    9.1230400000 -226.0548400000  128.8964540000   32.7613980000 -191.6279910000  137.1390230000   56.3997990000 -173.9069820000  142.1020200000   18.2460990000 -226.5962070000  134.0548400000   41.8844990000 -194.3949890000  141.5260160000   27.3691010000 -227.1371460000  139.2118990000 
  23.4993950000 -342.8562930000  209.8147580000   15.6663090000 -291.3388370000  228.1035920000    7.8331550000 -302.1672060000  157.2331540000   -0.0000000000 -225.5139160000  123.7394030000   25.6799490000 -297.4763180000  219.2599030000   17.8468630000 -293.5403140000  159.4378810000    7.2158200000 -229.7329860000  133.6426700000   27.8605020000 -283.9084780000  154.6306760000   14.4316000000 -233.9520570000  143.5459290000   21.6474990000 -238.1697850000  153.4496460000 
   0.0000000000 -345.5773620000  229.5058750000   -7.8331550000 -344.6702880000  222.9421690000  -15.6663090000 -343.7633360000  216.3784640000  -23.4993950000 -342.8562930000  209.8147580000    0.0000000000 -346.5802610000  217.2601930000   -7.8331550000 -345.6732790000  210.6964870000  -15.6663090000 -344.7662350000  204.1327670000    0.0000000000 -347.5832210000  205.0135350000   -7.8331550000 -346.6761780000  198.4497830000    0.0000000000 -348.5861820000  192.7678220000 
 -27.3691010000 -227.1371460000  139.2118990000  -18.2460990000 -226.5962070000  134.0548400000   -9.1230400000 -226.0548400000  128.8964540000   -0.0000000000 -225.5139160000  123.7394030000  -25.4619010000 -230.8152920000  143.9580990000  -16.3389000000 -230.2734680000  138.8006130000   -7.2158200000 -229.7329860000  133.6426700000  -23.5547010000 -234.4925380000  148.7038730000  -14.4316000000 -233.9520570000  143.5459290000  -21.6474990000 -238.1697850000  153.4496460000 
  23.4993950000 -342.8562930000  209.8147580000   15.6663090000 -344.7662350000  204.1327670000    7.8331550000 -346.6761780000  198.4497830000    0.0000000000 -348.5861820000  192.7678220000   15.6663090000 -291.3388370000  228.1035920000    7.8331550000 -289.8245540000  233.9035640000    0.0000000000 -288.3103940000  239.7045140000    7.8331550000 -302.1672060000  157.2331540000    0.0000000000 -308.1554260000  157.5050960000   -0.0000000000 -225.5139160000  123.7394030000 
  -0.0000000000 -225.5139160000  123.7394030000    0.0000000000 -308.1554260000  157.5050960000    0.0000000000 -288.3103940000  239.7045140000    0.0000000000 -348.5861820000  192.7678220000   -7.8331550000 -302.1672060000  157.2331540000   -7.8331550000 -289.8245540000  233.9035640000   -7.8331550000 -346.6761780000  198.4497830000  -15.6663090000 -291.3388370000  228.1035920000  -15.6663090000 -344.7662350000  204.1327670000  -23.4993950000 -342.8562930000  209.8147580000 
   0.0000000000 -241.2579800000  225.6190190000  -15.2610000000 -243.4159850000  193.9320220000  -30.5219990000 -245.2448730000  171.8871310000  -63.5347980000 -261.1944270000  144.4231110000    0.0000000000 -246.0289920000  195.3600160000  -15.2610000000 -246.9568330000  174.3235470000  -42.3565290000 -262.9068300000  146.8586430000   -0.0000000000 -248.6692350000  176.7590790000  -21.1782650000 -264.6188050000  149.2950440000    0.0000000000 -266.3312070000  151.7305760000 
  23.4993950000 -342.8562930000  209.8147580000   15.6663090000 -343.7633360000  216.3784640000    7.8331550000 -344.6702880000  222.9421690000    0.0000000000 -345.5773620000  229.5058750000   15.6663090000 -344.7662350000  204.1327670000    7.8331550000 -345.6732790000  210.6964870000    0.0000000000 -346.5802610000  217.2601930000    7.8331550000 -346.6761780000  198.4497830000    0.0000000000 -347.5832210000  205.0135350000    0.0000000000 -348.5861820000  192.7678220000 
 -21.6474990000 -238.1697850000  153.4496460000  -27.8605020000 -283.9084780000  154.6306760000  -25.6799490000 -297.4763180000  219.2599030000  -23.4993950000 -342.8562930000  209.8147580000  -20.0272750000 -277.6841430000  156.9029690000  -17.8468630000 -296.1195980000  212.7742000000  -15.6663090000 -343.7633360000  216.3784640000  -10.0136650000 -294.7629090000  206.2884980000   -7.8331550000 -344.6702880000  222.9421690000    0.0000000000 -345.5773620000  229.5058750000 
   0.0000000000 -266.3312070000  151.7305760000    0.0000000000 -263.5882570000  165.5031890000    0.0000000000 -289.2807920000  198.6478420000    0.0000000000 -345.5773620000  229.5058750000   21.1782650000 -264.6188050000  149.2950440000   21.1782650000 -266.5139770000  166.0560150000   21.1782650000 -288.1302190000  201.3940580000   42.3565290000 -262.9068300000  146.8586430000   42.3565290000 -269.4397280000  166.6088410000   63.5347980000 -261.1944270000  144.4231110000 
  21.6474990000 -238.1697850000  153.4496460000   29.6926990000 -245.8449550000  150.4409480000   37.7378010000 -253.5201260000  147.4322510000   63.5347980000 -261.1944270000  144.4231110000   20.0272750000 -277.6841430000  156.9029690000   31.1919060000 -273.7905270000  164.1685030000   42.3565290000 -269.4397280000  166.6088410000   10.0136650000 -294.7629090000  206.2884980000   21.1782650000 -288.1302190000  201.3940580000    0.0000000000 -345.5773620000  229.5058750000 
   0.0000000000 -266.3312070000  151.7305760000  -21.1782650000 -264.6188050000  149.2950440000  -42.3565290000 -262.9068300000  146.8586430000  -63.5347980000 -261.1944270000  144.4231110000    0.0000000000 -263.5882570000  165.5031890000  -21.1782650000 -266.5139770000  166.0560150000  -42.3565290000 -269.4397280000  166.6088410000    0.0000000000 -289.2807920000  198.6478420000  -21.1782650000 -288.1302190000  201.3940580000    0.0000000000 -345.5773620000  229.5058750000 
  23.4993950000 -342.8562930000  209.8147580000   25.6799490000 -297.4763180000  219.2599030000   27.8605020000 -283.9084780000  154.6306760000   21.6474990000 -238.1697850000  153.4496460000   15.6663090000 -343.7633360000  216.3784640000   17.8468630000 -296.1195980000  212.7742000000   20.0272750000 -277.6841430000  156.9029690000    7.8331550000 -344.6702880000  222.9421690000   10.0136650000 -294.7629090000  206.2884980000    0.0000000000 -345.5773620000  229.5058750000 
 -63.5347980000 -261.1944270000  144.4231110000  -37.7378010000 -253.5201260000  147.4322510000  -29.6926990000 -245.8449550000  150.4409480000  -21.6474990000 -238.1697850000  153.4496460000  -42.3565290000 -269.4397280000  166.6088410000  -31.1919060000 -273.7905270000  164.1685030000  -20.0272750000 -277.6841430000  156.9029690000  -21.1782650000 -288.1302190000  201.3940580000  -10.0136650000 -294.7629090000  206.2884980000    0.0000000000 -345.5773620000  229.5058750000 
  -0.0000000000 -225.5139160000  123.7394030000   -7.8331550000 -302.1672060000  157.2331540000  -15.6663090000 -291.3388370000  228.1035920000  -23.4993950000 -342.8562930000  209.8147580000   -7.2158200000 -229.7329860000  133.6426700000  -17.8468630000 -293.5403140000  159.4378810000  -25.6799490000 -297.4763180000  219.2599030000  -14.4316000000 -233.9520570000  143.5459290000  -27.8605020000 -283.9084780000  154.6306760000  -21.6474990000 -238.1697850000  153.4496460000 
  27.3691010000 -227.1371460000  139.2118990000   33.5070990000 -238.4895630000  140.9489590000   39.6451000000 -249.8419800000  142.6860350000   63.5347980000 -261.1944270000  144.4231110000   25.4619010000 -230.8152920000  143.9580990000   31.5998990000 -242.1677090000  145.6951750000   37.7378010000 -253.5201260000  147.4322510000   23.5547010000 -234.4925380000  148.7038730000   29.6926990000 -245.8449550000  150.4409480000   21.6474990000 -238.1697850000  153.4496460000 
  -0.0000000000 -225.5139160000  123.7394030000    9.1230400000 -226.0548400000  128.8964540000   18.2460990000 -226.5962070000  134.0548400000   27.3691010000 -227.1371460000  139.2118990000    7.2158200000 -229.7329860000  133.6426700000   16.3389000000 -230.2734680000  138.8006130000   25.4619010000 -230.8152920000  143.9580990000   14.4316000000 -233.9520570000  143.5459290000   23.5547010000 -234.4925380000  148.7038730000   21.6474990000 -238.1697850000  153.4496460000 
 -63.5347980000 -261.1944270000  144.4231110000  -39.6451000000 -249.8419800000  142.6860350000  -33.5070990000 -238.4895630000  140.9489590000  -27.3691010000 -227.1371460000  139.2118990000  -37.7378010000 -253.5201260000  147.4322510000  -31.5998990000 -242.1677090000  145.6951750000  -25.4619010000 -230.8152920000  143.9580990000  -29.6926990000 -245.8449550000  150.4409480000  -23.5547010000 -234.4925380000  148.7038730000  -21.6474990000 -238.1697850000  153.4496460000 
  70.9151990000 -153.4199830000  142.6790160000   62.5378000000 -184.8569790000  138.6390230000   54.1604000000 -231.2129060000  134.1416630000   63.5347980000 -261.1944270000  144.4231110000   56.3997990000 -173.9069820000  142.1020200000   48.0224000000 -205.3449860000  138.0630190000   39.6451000000 -249.8419800000  142.6860350000   41.8844990000 -194.3949890000  141.5260160000   33.5070990000 -238.4895630000  140.9489590000   27.3691010000 -227.1371460000  139.2118990000 
 -70.9151990000 -153.4199830000  142.6790160000  -47.2767980000 -171.1409910000  137.7160190000  -23.6383990000 -188.8619840000  132.7530210000   -0.0000000000 -225.5139160000  123.7394030000  -56.3997990000 -173.9069820000  142.1020200000  -32.7613980000 -191.6279910000  137.1390230000   -9.1230400000 -226.0548400000  128.8964540000  -41.8844990000 -194.3949890000  141.5260160000  -18.2460990000 -226.5962070000  134.0548400000  -27.3691010000 -227.1371460000  139.2118990000 