-1.0496460000  0.6319870000 -0.4154980000 0.9017030000 0.1801530000 0.2895070000 -0.1332320000 -0.5055070000  0.9612520000 -1.0496460000  0.6319870000 -0.2504340000 -0.6024620000  0.8400000000 -0.9065610000  0.2908210000  0.9260770000 -0.9065610000  0.6017030000  0.8400000000 -0.2577070000  1.0560300000  0.6369060000 -0.0857390000 -0.9024620000  0.5228110000 -0.5805620000 -0.5423750000 -0.3607300000  0.1268310000 
-0.9024620000  0.5228110000 -0.0853700000  0.3003150000  0.0096620000 -0.9065610000  0.6017030000 -0.3055070000 -0.9065610000  0.9017030000  0.5229830000 -0.5812560000 -0.3010740000  0.0096620000 -0.9065610000  0.4096160000 -0.5055070000  0.8037570000 -0.6024620000  0.8400000000 -0.2577070000 -0.9024620000  0.0096620000 -0.9065610000 -0.3010740000 -0.5055070000 -0.9065610000 -0.7481920000  0.7513080000 -0.7978950000 
-1.4938400000  0.8228110000 -0.0853700000 -0.6024620000 -0.3055070000 -0.9065610000 -0.4670970000 -0.4224380000 -0.1374840000  1.2245900000  0.2993960000 -0.0857390000  0.7474330000  0.7489910000 -0.7981260000  0.9017030000  0.0758100000 -0.0857390000  0.3003150000 -0.5055070000 -0.9065610000 0.3003150000 0.0096620000 1.0400000000  0.5667900000 -0.3488630000 -0.5220220000 -0.9024620000  0.0744510000 -0.0853710000 
 1.2340840000  0.7626960000 -0.0857390000 0.6017030000 0.8400000000 0.3911460000  0.9017030000  0.2993960000 -0.0857390000 -0.1294190000 -0.5055070000  0.8037570000  0.9017030000  0.5229830000 -0.0857390000 -1.0496460000  0.6319870000 -0.0853700000 -0.3010740000 -0.5055070000  1.0400000000 -0.5423750000 -0.3607300000  0.7756850000 -0.9024620000 -0.1497290000 -0.0853710000 0.3003150000 0.5248310000 1.0400000000 
 1.0631500000  0.0758100000 -0.0857390000 -0.3010740000  0.0096620000  1.0400000000  0.9017030000 -0.1477770000 -0.4160840000 -0.6024620000 -0.3055070000  1.0400000000 -0.9024620000  0.5248310000 -0.9065610000 0.9017030000 0.0096620000 1.0400000000 -0.3509150000  0.9474380000 -0.9065610000  0.6017030000 -0.3055070000  1.0400000000  0.2096160000 -0.8576100000  0.8037570000  0.1400980000 -0.6895410000  0.8037570000 
-0.9024620000  0.5228110000 -0.0853700000  0.2908210000  0.9260770000 -0.2577070000 -0.6024620000 -0.3055070000  0.3911460000  1.2340840000  0.7626960000 -0.0857390000 0.6017030000 0.8400000000 1.0400000000 -0.4670970000 -0.4224380000  0.5113700000 -1.2276770000  0.7672700000 -0.2504340000 -1.2276770000  0.7672700000 -0.0853700000 -0.9024620000  0.5228110000 -0.4154980000  0.6017030000 -0.3055070000  0.3911460000 
-0.9024620000  0.5228110000 -0.2504340000 -0.3989370000 -0.5055070000  0.8037570000 -0.3509150000  0.9474380000 -0.2577070000 -0.1294190000 -0.5055070000  0.8037570000  0.2956930000 -0.7928800000  0.8037570000  0.6017030000  0.8400000000 -0.9065610000  0.3003150000 -0.5055070000  1.0400000000 -0.5423750000 -0.3607300000 -0.5220220000  0.1400980000 -0.5055070000  0.8037570000 -0.7481920000  0.7513080000 -0.7978950000 
-0.9024620000  0.5228110000 -0.2504340000  0.9017030000 -0.1477770000 -0.5812560000 0.8210080000 0.6431070000 0.2895070000  0.9017030000  0.5229830000 -0.5812560000 -0.3989370000 -0.5055070000  0.2470550000 -0.6024620000 -0.3055070000 -0.2577070000  0.9017030000 -0.1477770000 -0.0857390000 -0.9024620000 -0.1497290000 -0.2504350000  0.0346100000 -0.5055070000 -0.1374840000  1.4860400000  0.8229830000 -0.2509110000 
 1.4860400000  0.8229830000 -0.2509110000  0.1400980000 -0.5055070000  0.2470550000  0.5166840000 -0.4034510000 -0.1374840000 0.3003150000 0.5248310000 1.0400000000  0.4096160000 -0.5055070000  0.2470550000 -1.0520200000 -0.2446650000 -0.0853710000  0.5166840000 -0.4034510000  0.5113700000  0.5667900000 -0.3488630000  0.7756850000 0.2908210000 0.9260770000 0.3911460000  0.1400980000 -0.6895410000  0.8037570000 
 1.0631500000  0.0758100000 -0.0857390000  0.4096160000 -0.5055070000  0.4326220000  0.5166840000 -0.4034510000  0.6969370000 0.3003150000 0.5248310000 1.0400000000  0.5667900000 -0.3488630000  0.9612520000 -0.1294190000 -0.5055070000  0.2470550000 -0.9024620000 -0.1497290000 -0.0853710000  0.5166840000 -0.4034510000  0.8825050000 -0.3010740000 -0.5055070000  1.0400000000 -0.1294190000 -0.5055070000  0.8037570000 
-0.1294190000 -0.8735750000  0.8037570000 -0.1989370000 -0.8576100000  0.6181900000  0.0346100000 -0.5055070000  0.8825050000  0.4539160000 -0.4580390000  0.9612520000 -0.4670970000 -0.4224380000  0.8825050000 -0.5423750000 -0.3607300000  0.9612520000  0.1044970000 -0.9223270000  0.4326220000 -0.0961920000 -0.9152060000  0.6181900000 -0.1989370000 -0.8576100000  0.8037570000  0.1044970000 -0.9223270000  0.2470550000 
 1.4860400000  0.8229830000 -0.2509110000 -0.0961920000 -0.9152060000  0.4326220000 -0.0961920000 -0.9152070000  0.2470550000  0.1044970000 -0.9223270000  0.2470550000 -0.9024620000 -0.1497290000 -0.2504350000 -0.1989370000 -0.8576100000  0.4326220000 -0.1989370000 -0.8576100000  0.2470550000 -0.3989370000 -0.5055070000  0.2470550000  0.1400980000 -0.6895410000  0.2470550000 -0.9024620000  0.5228110000 -0.2504340000 
 0.1400980000 -0.6895410000  0.8037570000 -1.2300500000  0.0744510000 -0.0853710000 -0.1294190000 -0.6895410000  0.2470550000 -0.1294190000 -0.8735750000  0.8037570000  0.5667900000 -0.3488630000  0.7756850000 -1.2300500000  0.2986310000 -0.0853700000 -1.2347970000 -0.3728280000 -0.4154980000  0.4096160000 -0.5055070000  0.2470550000  0.3574010000 -0.6847940000  0.6181900000  1.4860400000  0.8229830000 -0.2509110000 
-0.9024620000  0.5228110000 -0.2504340000 -0.3010740000  0.5248310000  1.0400000000  0.2956930000 -0.7928800000  0.4326220000  0.4539160000 -0.4580390000  0.9612520000  0.3574010000 -0.6847940000  0.4326220000  0.6880980000 -0.2414870000  0.0159000000 -1.0662600000  0.0744510000 -0.0853710000  0.2956930000 -0.7928800000  0.2470550000  1.0536560000 -0.2545800000 -0.2509110000  1.0631500000  0.0758100000 -0.0857390000 
 0.9017030000 -0.1477770000 -0.2509110000  0.3574010000 -0.6847940000  0.2470550000 0.9017030000 0.5248310000 1.0400000000 -0.7481920000  0.7513080000 -0.7978950000 -0.3823230000 -0.6634340000  0.4326220000 -0.3134950000 -0.7667720000  0.6181900000  0.1400980000 -0.5055070000  0.8037570000 -0.3823230000 -0.6634340000  0.6181900000  0.3003150000 -0.5055070000  1.0400000000 -0.1294190000 -0.5055070000  0.8037570000 
-0.5423750000 -0.3607300000  0.1268310000 -0.3134950000 -0.7667720000  0.8037570000 -0.3989370000 -0.5055070000  0.6181900000 -0.1294190000 -0.5055070000  0.8037570000  1.0631500000  0.0758100000 -0.5812560000  1.2317100000 -0.3756230000 -0.0857390000 -0.7837920000 -0.1710130000 -0.3591010000 -0.7837920000 -0.1710130000  0.2897530000  0.2096160000 -0.8576100000  0.4326220000 -0.6769900000 -0.2207770000  0.6648760000 
-0.5423750000 -0.3607300000  0.1268310000 -0.9024620000 -0.1627340000  0.6648770000 -0.8122730000  0.6429920000  0.2897530000 -0.9024620000  0.5228110000 -0.0853700000  1.0560300000  0.6369060000 -0.0857390000 -0.9024620000  0.3524350000  0.6648770000 -0.7481920000  0.7513080000  0.6648770000 -0.6024620000  0.8400000000 -0.9065610000 -0.9024620000  0.5248310000  1.0400000000 -1.0496460000  0.6319870000 -0.4154980000 
-1.0496460000  0.6319870000 -0.4154980000 -1.7712090000 -0.1083000000 -0.0853710000 -0.8122730000  0.6429920000 -0.3591000000 -0.7481920000  0.7513080000 -0.7978950000 -0.7481920000  0.7513080000 -0.6328310000 -0.8122730000  0.6429920000 -0.5241640000 -0.8122730000  0.6429920000 -0.6892280000 -0.9024620000 -0.1627340000 -0.7978950000 -0.9024620000  0.2986310000 -0.5805620000 -0.9024620000 -0.0441420000 -0.6892280000 
-1.0496460000  0.6319870000 -0.2504340000 -0.6769900000 -0.2207770000 -0.7978950000  0.2096160000 -0.8576100000  0.6181900000 -1.4938400000 -0.4497290000 -0.2504350000 -0.9024620000  0.0744510000 -0.5805620000 0.7474330000 0.7489910000 0.6647540000 -0.7837920000 -0.1710130000 -0.6892280000 -0.9024620000  0.1800380000  0.2897530000 -0.9024620000  0.1800380000 -0.6892280000 -1.2300500000  0.0744510000 -0.5805620000 
 0.9017030000 -0.1477770000 -0.2509110000  0.9017030000  0.5248310000 -0.9065610000 -1.7522220000  0.4267940000 -0.2504340000 -1.4938400000 -0.4497290000 -0.2504350000  0.3574010000 -0.6847940000  0.8037570000 -1.7712090000 -0.1083000000 -0.4154980000 -1.4938400000 -0.4497290000 -0.5805620000 -1.7522220000  0.4267940000 -0.0853700000 -1.7712090000 -0.1083000000 -0.2504340000 -0.9024620000 -0.0441420000 -0.6892280000 
-0.9024620000 -0.0441420000 -0.6892280000 -1.4938400000 -0.4497290000 -0.0853710000 -1.0520200000 -0.2446650000 -0.2504350000 -1.0520200000 -0.2446650000 -0.4154980000 -0.9024620000 -0.1627340000 -0.7978950000  0.8210080000  0.6431070000 -0.3593460000 -1.2347970000 -0.3728280000 -0.5805620000 -0.7481920000  0.7513080000 -0.6328310000 -1.0520200000 -0.2446650000 -0.5805620000 -1.0496460000  0.6319870000 -0.4154980000 
-0.5423750000 -0.3607300000  0.1268310000 -1.0662600000  0.0744510000 -0.5805620000 -1.4938400000  0.8228110000 -0.5805620000 -1.2300500000  0.0744510000 -0.5805620000 -1.0662600000  0.2986310000 -0.5805620000 -0.3134950000 -0.7667720000  0.2470550000 -1.0496460000  0.6319870000 -0.5805620000  1.4860400000  0.8229830000 -0.0857390000  0.3041270000 -0.5055070000 -0.1374840000  0.9017030000 -0.1477770000 -0.2509110000 
-0.6769900000 -0.2207770000 -0.6328310000 -1.2276770000  0.7672700000 -0.5805620000 -1.0662600000  0.2986310000 -0.0853700000  0.9017030000  0.5229830000 -0.5812560000 -0.9024620000  0.0096620000  1.0400000000 -1.2347970000 -0.3728280000 -0.0853710000  0.9017030000  0.1801530000 -0.6896910000  0.8542350000 -0.1603040000 -0.7981260000  0.1400980000 -0.8735750000  0.8037570000  0.6017030000 -0.3055070000  0.3911460000 
-1.4938400000  0.8228110000 -0.0853700000  0.9017030000  0.0096620000 -0.9065610000  1.0536560000 -0.2545800000 -0.4160840000  0.9017030000  0.5229830000 -0.5812560000  0.6880980000 -0.2414870000 -0.6329540000  0.7806600000 -0.1910720000 -0.5245190000  0.7806600000 -0.1910710000  0.2895070000  0.6880980000 -0.2414870000 -0.7981260000  0.7806600000 -0.1910720000 -0.6896910000  0.2096160000 -0.8576100000  0.2470550000 
-0.9024620000  0.0744510000 -0.0853710000  0.7474330000  0.7489910000 -0.6329540000 0.7474330000 0.7489910000 0.0159000000  0.6017030000 -0.3055070000  0.3911460000  0.8542350000 -0.1603040000  0.6647540000  0.9017030000 -0.0434340000  0.2895070000 -0.9024620000  0.5228110000 -0.4154980000  1.2340840000  0.7626950000 -0.4160840000 -1.2276770000  0.7672700000 -0.2504340000  1.2340840000  0.7626960000 -0.0857390000 
-0.9024620000  0.0744510000 -0.0853710000 -0.6769900000 -0.2207770000  0.0160230000 -0.9024620000  0.2986310000 -0.0853700000 0.3003150000 0.5248310000 1.0400000000 0.3003150000 0.0096620000 1.0400000000  0.8210080000  0.6431070000 -0.6896910000  0.6880980000 -0.2414870000  0.6647540000  0.7474330000  0.7489910000 -0.7981260000  1.6566070000  0.4299330000 -0.4160840000 -1.4938400000  0.8228110000 -0.0853700000 
-0.3823230000 -0.6634340000  0.8037570000 -0.1294190000 -0.6895410000  0.8037570000  1.6684740000 -0.1093150000 -0.2509110000  1.4860400000 -0.4477770000 -0.0857390000  1.6566070000  0.4299330000 -0.5812560000  1.6684740000 -0.1093150000 -0.4160840000  1.0631500000  0.2993960000 -0.0857390000  1.6684740000 -0.1093150000 -0.5812560000  1.4860400000 -0.4477770000 -0.4160840000  1.4860400000 -0.4477770000 -0.5812560000 
 0.2096160000 -0.8576100000  0.2470550000  1.2317100000 -0.3756230000 -0.2509110000 -1.4938400000 -0.4497290000 -0.4154980000  1.4860400000 -0.4477770000 -0.0857390000  0.6880980000 -0.2414870000 -0.7981260000 -0.3823230000 -0.6634340000  0.2470550000  0.4096160000 -0.5055070000  0.6181900000  0.6880980000 -0.2414870000 -0.6329540000  1.0536560000 -0.2545800000 -0.0857390000 -1.4938400000  0.8228110000 -0.0853700000 
-0.9024620000  0.0744510000 -0.0853710000  1.0560300000  0.6369060000 -0.2509110000  0.9017030000  0.5229830000 -0.2509110000 -0.3823230000 -0.6634340000  0.8037570000  1.2340840000  0.7626950000 -0.5812560000  1.0560300000  0.6369060000 -0.4160840000  0.9017030000  0.5229830000 -0.4160840000  1.0560300000  0.6369060000 -0.5812560000  1.0631500000  0.2993960000 -0.5812560000 -0.6769900000 -0.2207770000 -0.6328310000 
-0.6769900000 -0.2207770000 -0.6328310000  0.7806600000 -0.1910710000 -0.3593460000  1.2245900000  0.0758100000 -0.5812560000  1.4860400000 -0.4477770000 -0.5812560000  0.9017030000  0.2993960000 -0.5812560000  1.2317100000 -0.3756230000 -0.5812560000  0.4539160000 -0.4580390000 -0.5220220000  0.9017030000  0.0758100000 -0.5812560000  1.0536560000 -0.2545800000 -0.5812560000  0.2096160000 -0.8576100000  0.2470550000 
-1.0496460000  0.6319870000 -0.4154980000 -1.0520200000 -0.2446650000 -0.5805620000 -1.2347970000 -0.3728280000 -0.5805620000 -1.0520200000 -0.2446650000 -0.4154980000 0.9017030000 0.1801530000 0.2895070000 -1.2276770000  0.7672700000 -0.4154980000 -1.4938400000  0.8228110000 -0.4154980000 -0.1332320000 -0.5055070000  0.9612520000 -1.4938400000  0.8228110000 -0.2504340000 -1.0496460000  0.6319870000 -0.2504340000 
-0.9024620000  0.5228110000 -0.0853700000 0.6017030000 0.8400000000 1.0400000000 -1.2276770000  0.7672700000 -0.0853700000  0.6017030000 -0.3055070000  0.3911460000  0.3003150000  0.0096620000 -0.9065610000 -1.7522220000  0.4267940000 -0.4154980000  0.1400980000 -0.8735750000  0.8037570000  0.6017030000 -0.3055070000 -0.9065610000  0.9017030000  0.1801530000 -0.6896910000  0.9017030000  0.5229830000 -0.5812560000 
-1.4938400000  0.8228110000 -0.0853700000  1.0536560000 -0.2545800000 -0.0857390000  0.4096160000 -0.5055070000  0.6181900000  1.4860400000 -0.4477770000 -0.0857390000 -0.6024620000 -0.3055070000 -0.9065610000  0.3003150000  0.5248310000 -0.9065610000  1.2245900000  0.0758100000 -0.0857390000 -0.4670970000 -0.4224380000 -0.1374840000  1.6684740000 -0.1093150000 -0.0857390000  1.2245900000  0.2993960000 -0.0857390000 
 1.2340840000  0.7626960000 -0.0857390000  1.6566070000  0.4299330000 -0.0857390000 0.2908210000 0.9260770000 1.0400000000 -0.6769900000 -0.2207770000  0.6648760000 0.6017030000 0.8400000000 0.3911460000 -0.1294190000 -0.8735750000  0.2470550000  0.2096160000 -0.8576100000  0.4326220000  0.9017030000  0.2993960000 -0.0857390000 -0.7837920000 -0.1710130000 -0.3591010000 -0.1294190000 -0.5055070000  0.8037570000 
 1.0631500000  0.0758100000 -0.0857390000  1.0536560000 -0.2545800000 -0.2509110000 -1.0662600000  0.0744510000 -0.0853710000  0.4539160000 -0.4580390000  0.9612520000 -0.3010740000  0.0096620000  1.0400000000  1.4860400000 -0.4477770000 -0.2509110000 -0.3509150000  0.9474380000  1.0400000000  0.9017030000 -0.1477770000 -0.4160840000 -0.0961920000 -0.9152060000  0.8037570000 -0.6024620000 -0.3055070000  1.0400000000 
-0.9024620000  0.5228110000 -0.0853700000  1.4860400000  0.8229830000 -0.5812560000  0.1044970000 -0.9223270000  0.8037570000 -0.6769900000 -0.2207770000  0.6648760000  0.2908210000  0.9260770000 -0.2577070000 -0.6024620000  0.8400000000  0.3911460000 0.2908210000 0.9260770000 1.0400000000 -0.6024620000 -0.3055070000  0.3911460000  1.6566070000  0.4299330000 -0.0857390000  1.2340840000  0.7626960000 -0.0857390000 
-0.9024620000  0.5228110000 -0.2504340000  0.3574010000 -0.6847940000  0.4326220000  0.2956930000 -0.7928800000  0.2470550000  1.0631500000  0.0758100000 -0.0857390000 -0.3989370000 -0.5055070000  0.8037570000 -0.3509150000  0.9474380000  0.3911460000  0.5667900000 -0.3488630000  0.9612520000 -0.3509150000  0.9474380000 -0.2577070000  0.5166840000 -0.4034510000  0.8825050000 -0.1294190000 -0.5055070000  0.8037570000 
-0.9024620000  0.5228110000 -0.2504340000  0.2956930000 -0.7928800000  0.8037570000 -0.5423750000 -0.3607300000 -0.5220220000 -0.7481920000  0.7513080000 -0.7978950000  0.9017030000 -0.1477770000 -0.5812560000 -0.1332320000 -0.5055070000 -0.5220220000 -0.3010740000 -0.5055070000 -0.9065610000 0.8210080000 0.6431070000 0.2895070000 -0.6024620000  0.8400000000 -0.2577070000  0.9017030000  0.5229830000 -0.5812560000 
 1.4860400000  0.8229830000 -0.2509110000  0.0346100000 -0.5055070000 -0.1374840000  0.9017030000 -0.1477770000 -0.0857390000  0.9017030000  0.5229830000 -0.5812560000  0.1400980000 -0.5055070000  0.2470550000  0.5667900000 -0.3488630000  0.1268310000  0.1400980000 -0.8735750000  0.2470550000  0.5166840000 -0.4034510000 -0.1374840000  0.9017030000  0.3524920000 -0.7981260000 0.3003150000 0.5248310000 1.0400000000 
 1.0631500000  0.0758100000 -0.0857390000 -0.9024620000  0.5248310000 -0.9065610000  0.6017030000 -0.3055070000  1.0400000000  0.1400980000 -0.6895410000  0.8037570000  0.4096160000 -0.5055070000  0.4326220000  0.6017030000 -0.3055070000 -0.2577070000 0.2908210000 0.9260770000 0.3911460000  0.5166840000 -0.4034510000  0.6969370000  0.5166840000 -0.4034510000  0.5113700000 0.3003150000 0.5248310000 1.0400000000 
-0.1294190000 -0.8735750000  0.8037570000 -0.3989370000 -0.5055070000  0.4326220000  1.6566070000  0.4299330000 -0.2509110000 -0.6024620000 -0.3055070000  1.0400000000 -0.1989370000 -0.8576100000  0.6181900000  0.3041270000 -0.5055070000  0.8825050000 -0.0961920000 -0.9152060000  0.8037570000  0.0346100000 -0.5055070000  0.8825050000 -0.3509150000  0.9474380000  1.0400000000  0.4539160000 -0.4580390000  0.9612520000 
 1.4860400000  0.8229830000 -0.2509110000  0.3574010000 -0.6847940000  0.6181900000 -1.2347970000 -0.3728280000 -0.4154980000 -0.1294190000 -0.8735750000  0.8037570000 -0.0961920000 -0.9152060000  0.4326220000  0.1044970000 -0.9223270000  0.6181900000 -0.4670970000 -0.4224380000  0.8825050000 -0.0961920000 -0.9152070000  0.2470550000 -0.0961920000 -0.9152060000  0.6181900000  0.1044970000 -0.9223270000  0.2470550000 
 0.1400980000 -0.6895410000  0.8037570000  0.2096160000 -0.8576100000  0.8037570000 -0.3509150000  0.9474380000 -0.9065610000 -0.6024620000 -0.3055070000  1.0400000000 -1.2300500000  0.0744510000 -0.0853710000  0.2956930000 -0.7928800000  0.6181900000  1.6566070000  0.4299330000 -0.2509110000 -0.1294190000 -0.6895410000  0.2470550000 -0.3989370000 -0.5055070000  0.4326220000 -0.1294190000 -0.8735750000  0.8037570000 
-0.9024620000  0.5228110000 -0.2504340000  0.1400980000 -0.6895410000  0.2470550000 -0.1989370000 -0.8576100000  0.2470550000  0.1044970000 -0.9223270000  0.2470550000 -0.3010740000  0.5248310000  1.0400000000 -0.3134950000 -0.7667720000  0.4326220000 -0.1989370000 -0.8576100000  0.8037570000  0.2956930000 -0.7928800000  0.4326220000  0.1044970000 -0.9223270000  0.4326220000  0.4539160000 -0.4580390000  0.9612520000 
 0.9017030000 -0.1477770000 -0.2509110000  0.3574010000 -0.6847940000  0.8037570000 -1.7522220000  0.4267940000 -0.0853700000 -0.9024620000 -0.0441420000 -0.6892280000  0.3574010000 -0.6847940000  0.2470550000 -0.9024620000 -0.1497290000 -0.5805620000 -0.9024620000  0.2986310000 -0.5805620000 0.9017030000 0.5248310000 1.0400000000 -0.8122730000  0.6429920000 -0.6892280000 -0.7481920000  0.7513080000 -0.7978950000 
-0.5423750000 -0.3607300000  0.1268310000 -1.0662600000  0.2986310000 -0.5805620000  1.4860400000  0.8229830000 -0.0857390000  0.9017030000 -0.1477770000 -0.2509110000 -0.3134950000 -0.7667720000  0.8037570000 -0.7837920000 -0.1710130000 -0.5241650000 -0.3823230000 -0.6634340000  0.4326220000 -0.3989370000 -0.5055070000  0.6181900000 -0.3823230000 -0.6634340000  0.6181900000 -0.1294190000 -0.5055070000  0.8037570000 
-0.5423750000 -0.3607300000  0.1268310000  1.0631500000  0.0758100000 -0.5812560000 -0.7837920000 -0.1710130000  0.2897530000 -0.6769900000 -0.2207770000  0.6648760000 -0.9024620000 -0.1627340000  0.6648770000 -0.9024620000 -0.0441420000  0.2897530000  0.1044970000 -0.9223270000  0.8037570000 -0.8122730000  0.6429920000  0.2897530000  1.4860400000  0.8229830000 -0.5812560000 -0.9024620000  0.5228110000 -0.0853700000 
-1.0496460000  0.6319870000 -0.4154980000 -0.9024620000  0.5248310000  1.0400000000 -0.7481920000  0.7513080000  0.6648770000 -0.9024620000  0.5228110000 -0.0853700000 -1.7712090000 -0.1083000000 -0.0853710000 -0.9024620000  0.3524350000 -0.7978950000 -0.3010740000  0.0096620000 -0.9065610000 -0.8122730000  0.6429920000 -0.3591000000 -0.9024620000  0.0096620000 -0.9065610000 -0.7481920000  0.7513080000 -0.7978950000 
-1.0496460000  0.6319870000 -0.2504340000 -1.4938400000  0.8228110000 -0.2504340000 -1.4938400000  0.8228110000 -0.4154980000 -1.0520200000 -0.2446650000 -0.4154980000 -0.6769900000 -0.2207770000 -0.7978950000 -0.3010740000  0.5248310000 -0.9065610000 -0.7481920000  0.7513080000  0.0160230000  0.2096160000 -0.8576100000  0.6181900000 -1.7522220000  0.4267940000 -0.5805620000 -1.4938400000 -0.4497290000 -0.2504350000 
 0.9017030000 -0.1477770000 -0.2509110000  0.3041270000 -0.5055070000 -0.1374840000 -1.0496460000  0.6319870000 -0.5805620000 -1.2300500000  0.0744510000 -0.5805620000  0.9017030000  0.5248310000 -0.9065610000 -1.7712090000 -0.1083000000 -0.5805620000 -0.9024620000  0.1800380000 -0.6892280000 -1.7522220000  0.4267940000 -0.2504340000 -0.7837920000 -0.1710130000 -0.6892280000 -1.4938400000 -0.4497290000 -0.2504350000 
-0.9024620000 -0.0441420000 -0.6892280000 -1.7712090000 -0.1083000000 -0.2504340000 -1.4938400000 -0.4497290000 -0.5805620000 -1.4938400000 -0.4497290000 -0.2504350000 -1.4938400000 -0.4497290000 -0.0853710000 -1.2347970000 -0.3728280000 -0.2504350000 -1.7522220000  0.4267940000 -0.5805620000 -1.0520200000 -0.2446650000 -0.2504350000 -0.7481920000  0.7513080000  0.0160230000 -1.0520200000 -0.2446650000 -0.4154980000 
-0.5423750000 -0.3607300000  0.1268310000 -0.9024620000  0.5228110000 -0.5805620000  0.6017030000  0.8400000000 -0.2577070000 -1.0496460000  0.6319870000 -0.2504340000 -1.0662600000  0.0744510000 -0.5805620000  0.9017030000 -0.0434340000 -0.6896910000 -0.9024620000  0.0744510000 -0.5805620000 -1.4938400000  0.8228110000 -0.5805620000 -0.9024620000  0.1800380000  0.2897530000 -1.2300500000  0.0744510000 -0.5805620000 
-0.6769900000 -0.2207770000 -0.6328310000  0.9017030000  0.2993960000 -0.5812560000  0.9017030000  0.0758100000 -0.5812560000  0.2096160000 -0.8576100000  0.2470550000 -1.2276770000  0.7672700000 -0.5805620000  0.8210080000  0.6431070000 -0.5245190000  0.7806600000 -0.1910720000 -0.6896910000 -1.0662600000  0.2986310000 -0.0853700000  0.7806600000 -0.1910710000  0.2895070000  0.9017030000  0.5229830000 -0.5812560000 
-1.4938400000  0.8228110000 -0.0853700000  1.6566070000  0.4299330000 -0.4160840000  0.6880980000 -0.2414870000  0.6647540000 0.3003150000 0.5248310000 1.0400000000  0.9017030000  0.0096620000 -0.9065610000 0.9017030000 0.3524920000 0.6647540000  0.9017030000  0.3524920000 -0.7981260000  1.0536560000 -0.2545800000 -0.4160840000  0.1400980000 -0.8735750000  0.2470550000  0.9017030000  0.5229830000 -0.5812560000 
-0.9024620000  0.0744510000 -0.0853710000  1.2340840000  0.7626950000 -0.5812560000  1.0560300000  0.6369060000 -0.5812560000 -0.6769900000 -0.2207770000 -0.6328310000  0.7474330000  0.7489910000 -0.6329540000 -0.9024620000 -0.1497290000 -0.4154980000 -0.9024620000  0.0096620000  1.0400000000 0.7474330000 0.7489910000 0.0159000000  0.8542350000 -0.1603040000 -0.7981260000  0.6017030000 -0.3055070000  0.3911460000 
-0.9024620000  0.0744510000 -0.0853710000  0.8542350000 -0.1603040000  0.6647540000  1.2340840000  0.7626950000 -0.4160840000  1.2340840000  0.7626960000 -0.0857390000 -0.6769900000 -0.2207770000  0.0160230000  1.4860400000  0.8229830000 -0.4160840000  0.9017030000  0.5229830000 -0.0857390000 -0.9024620000  0.2986310000 -0.0853700000 -0.5423750000 -0.3607300000  0.7756850000 0.3003150000 0.5248310000 1.0400000000 
-0.3823230000 -0.6634340000  0.8037570000  1.2317100000 -0.3756230000 -0.4160840000 -1.2300500000  0.2986310000 -0.5805620000  1.2245900000  0.2993960000 -0.0857390000 -0.1294190000 -0.6895410000  0.8037570000 -0.6024620000  0.8400000000  1.0400000000  1.6684740000 -0.1093150000 -0.0857390000  1.6684740000 -0.1093150000 -0.2509110000  1.2245900000  0.0758100000 -0.0857390000  1.4860400000 -0.4477770000 -0.0857390000 
 0.2096160000 -0.8576100000  0.2470550000  1.0536560000 -0.2545800000 -0.5812560000  0.4539160000 -0.4580390000 -0.5220220000  1.4860400000 -0.4477770000 -0.5812560000  1.2317100000 -0.3756230000 -0.2509110000 -0.4670970000 -0.4224380000  0.6969370000  1.4860400000 -0.4477770000 -0.4160840000 -1.4938400000 -0.4497290000 -0.4154980000  1.0631500000  0.2993960000 -0.0857390000  1.4860400000 -0.4477770000 -0.0857390000 
-0.9024620000  0.0744510000 -0.0853710000  0.5667900000 -0.3488630000 -0.5220220000  0.3003150000 -0.5055070000 -0.9065610000  1.2245900000  0.2993960000 -0.0857390000  1.0560300000  0.6369060000 -0.2509110000  1.2340840000  0.7626960000 -0.2509110000 -1.2300500000  0.2986310000 -0.5805620000  0.9017030000  0.5229830000 -0.2509110000  1.2317100000 -0.3756230000 -0.4160840000 -0.3823230000 -0.6634340000  0.8037570000 
-0.6769900000 -0.2207770000 -0.6328310000  1.0631500000  0.2993960000 -0.5812560000  0.9017030000  0.5229830000 -0.4160840000 -0.3823230000 -0.6634340000  0.8037570000  0.7806600000 -0.1910710000 -0.3593460000  1.2245900000  0.2993960000 -0.5812560000  1.6566070000  0.4299330000 -0.5812560000  1.2245900000  0.0758100000 -0.5812560000  1.6684740000 -0.1093150000 -0.5812560000  1.4860400000 -0.4477770000 -0.5812560000 