-0.9024620000  0.5228110000 -0.5805620000 -1.0662560000  0.5228110000 -0.4154980000 -1.2300500000  0.5228110000 -0.2504340000 -1.3938440000  0.5228110000 -0.0853700000 -0.9024620000  0.5228110000 -0.4154980000 -1.0662560000  0.5228110000 -0.2504340000 -1.2300500000  0.5228110000 -0.0853700000 -0.9024620000  0.5228110000 -0.2504340000 -1.0662560000  0.5228110000 -0.0853700000 -0.9024620000  0.5228110000 -0.0853700000 
-0.9024620000  1.0400000000 -0.9065610000 -0.3010736667  0.5248310000 -0.9065610000  0.3003146667  0.0096620000 -0.9065610000  0.9017030000 -0.5055070000 -0.9065610000 -0.9024620000  0.5248310000 -0.9065610000 -0.3010736667  0.0096620000 -0.9065610000  0.3003146667 -0.5055070000 -0.9065610000 -0.9024620000  0.0096620000 -0.9065610000 -0.3010736667 -0.5055070000 -0.9065610000 -0.9024620000 -0.5055070000 -0.9065610000 
 0.9017030000 -0.1477770000 -0.0857390000  1.0631483333  0.0758096667 -0.0857390000  1.2245936667  0.2993963333 -0.0857390000  1.3860390000  0.5229830000 -0.0857390000  0.9017030000  0.0758096667 -0.0857390000  1.0631483333  0.2993963333 -0.0857390000  1.2245936667  0.5229830000 -0.0857390000  0.9017030000  0.2993963333 -0.0857390000  1.0631483333  0.5229830000 -0.0857390000  0.9017030000  0.5229830000 -0.0857390000 
0.9017030000 1.0400000000 1.0400000000 0.3003146667 0.5248310000 1.0400000000 -0.3010736667  0.0096620000  1.0400000000 -0.9024620000 -0.5055070000  1.0400000000 0.9017030000 0.5248310000 1.0400000000 0.3003146667 0.0096620000 1.0400000000 -0.3010736667 -0.5055070000  1.0400000000 0.9017030000 0.0096620000 1.0400000000  0.3003146667 -0.5055070000  1.0400000000  0.9017030000 -0.5055070000  1.0400000000 
-0.3989370000 -0.5055070000  0.8037570000 -0.1294193333 -0.6895410000  0.8037570000  0.1400983333 -0.8735750000  0.8037570000  0.4096160000 -1.0576090000  0.8037570000 -0.1294193333 -0.5055070000  0.8037570000  0.1400983333 -0.6895410000  0.8037570000  0.4096160000 -0.8735750000  0.8037570000  0.1400983333 -0.5055070000  0.8037570000  0.4096160000 -0.6895410000  0.8037570000  0.4096160000 -0.5055070000  0.8037570000 
-0.9024620000  1.0400000000 -0.9065610000 -0.3010736667  1.0400000000 -0.2577073333 0.3003146667 1.0400000000 0.3911463333 0.9017030000 1.0400000000 1.0400000000 -0.3010736667  1.0400000000 -0.9065610000  0.3003146667  1.0400000000 -0.2577073333 0.9017030000 1.0400000000 0.3911463333  0.3003146667  1.0400000000 -0.9065610000  0.9017030000  1.0400000000 -0.2577073333  0.9017030000  1.0400000000 -0.9065610000 
-0.3989370000 -0.5055070000  0.2470550000 -0.5667786667 -0.5055070000  0.5113700000 -0.7346203333 -0.5055070000  0.7756850000 -0.9024620000 -0.5055070000  1.0400000000 -0.5667786667 -0.5055070000 -0.1374836667 -0.7346203333 -0.5055070000  0.1268313333 -0.9024620000 -0.5055070000  0.3911463333 -0.7346203333 -0.5055070000 -0.5220223333 -0.9024620000 -0.5055070000 -0.2577073333 -0.9024620000 -0.5055070000 -0.9065610000 
-0.3989370000 -0.5055070000  0.2470550000  0.0346096667 -0.5055070000 -0.1374836667  0.4681563333 -0.5055070000 -0.5220223333  0.9017030000 -0.5055070000 -0.9065610000 -0.1294193333 -0.5055070000  0.2470550000  0.3041273333 -0.5055070000 -0.1374836667  0.7376740000 -0.5055070000 -0.5220223333  0.1400983333 -0.5055070000  0.2470550000  0.5736450000 -0.5055070000 -0.1374836667  0.4096160000 -0.5055070000  0.2470550000 
 0.4096160000 -0.5055070000  0.2470550000  0.5736450000 -0.5055070000  0.5113700000  0.7376740000 -0.5055070000  0.7756850000  0.9017030000 -0.5055070000  1.0400000000  0.4096160000 -0.5055070000  0.4326223333  0.5736450000 -0.5055070000  0.6969373333  0.7376740000 -0.5055070000  0.9612523333  0.4096160000 -0.5055070000  0.6181896667  0.5736450000 -0.5055070000  0.8825046667  0.4096160000 -0.5055070000  0.8037570000 
-0.3989370000 -0.5055070000  0.8037570000  0.0346096667 -0.5055070000  0.8825046667  0.4681563333 -0.5055070000  0.9612523333  0.9017030000 -0.5055070000  1.0400000000 -0.5667786667 -0.5055070000  0.8825046667 -0.1332320000 -0.5055070000  0.9612523333  0.3003146667 -0.5055070000  1.0400000000 -0.7346203333 -0.5055070000  0.9612523333 -0.3010736667 -0.5055070000  1.0400000000 -0.9024620000 -0.5055070000  1.0400000000 
 0.4096160000 -1.0576090000  0.2470550000  0.1400983333 -1.0576090000  0.4326223333 -0.1294193333 -1.0576090000  0.6181896667 -0.3989370000 -1.0576090000  0.8037570000  0.1400983333 -1.0576090000  0.2470550000 -0.1294193333 -1.0576090000  0.4326223333 -0.3989370000 -1.0576090000  0.6181896667 -0.1294193333 -1.0576090000  0.2470550000 -0.3989370000 -1.0576090000  0.4326223333 -0.3989370000 -1.0576090000  0.2470550000 
 0.4096160000 -0.5055070000  0.2470550000  0.1400983333 -0.6895410000  0.2470550000 -0.1294193333 -0.8735750000  0.2470550000 -0.3989370000 -1.0576090000  0.2470550000  0.1400983333 -0.5055070000  0.2470550000 -0.1294193333 -0.6895410000  0.2470550000 -0.3989370000 -0.8735750000  0.2470550000 -0.1294193333 -0.5055070000  0.2470550000 -0.3989370000 -0.6895410000  0.2470550000 -0.3989370000 -0.5055070000  0.2470550000 
 0.4096160000 -0.5055070000  0.8037570000  0.4096160000 -0.6895410000  0.6181896667  0.4096160000 -0.8735750000  0.4326223333  0.4096160000 -1.0576090000  0.2470550000  0.4096160000 -0.5055070000  0.6181896667  0.4096160000 -0.6895410000  0.4326223333  0.4096160000 -0.8735750000  0.2470550000  0.4096160000 -0.5055070000  0.4326223333  0.4096160000 -0.6895410000  0.2470550000  0.4096160000 -0.5055070000  0.2470550000 
-0.3989370000 -0.5055070000  0.2470550000 -0.3989370000 -0.6895410000  0.4326223333 -0.3989370000 -0.8735750000  0.6181896667 -0.3989370000 -1.0576090000  0.8037570000 -0.3989370000 -0.5055070000  0.4326223333 -0.3989370000 -0.6895410000  0.6181896667 -0.3989370000 -0.8735750000  0.8037570000 -0.3989370000 -0.5055070000  0.6181896667 -0.3989370000 -0.6895410000  0.8037570000 -0.3989370000 -0.5055070000  0.8037570000 
-0.9024620000 -0.1497290000 -0.0853710000 -0.9024620000 -0.2683216667 -0.3591010000 -0.9024620000 -0.3869143333 -0.6328310000 -0.9024620000 -0.5055070000 -0.9065610000 -0.9024620000 -0.2683216667  0.2897526667 -0.9024620000 -0.3869143333  0.0160226667 -0.9024620000 -0.5055070000 -0.2577073333 -0.9024620000 -0.3869143333  0.6648763333 -0.9024620000 -0.5055070000  0.3911463333 -0.9024620000 -0.5055070000  1.0400000000 
-0.9024620000  0.5228110000 -0.0853700000 -0.9024620000  0.1800383333  0.2897533333 -0.9024620000 -0.1627343333  0.6648766667 -0.9024620000 -0.5055070000  1.0400000000 -0.9024620000  0.6952073333  0.2897533333 -0.9024620000  0.3524346667  0.6648766667 -0.9024620000  0.0096620000  1.0400000000 -0.9024620000  0.8676036667  0.6648766667 -0.9024620000  0.5248310000  1.0400000000 -0.9024620000  1.0400000000  1.0400000000 
-0.9024620000  0.5228110000 -0.0853700000 -0.9024620000  0.6952073333 -0.3591003333 -0.9024620000  0.8676036667 -0.6328306667 -0.9024620000  1.0400000000 -0.9065610000 -0.9024620000  0.5228110000 -0.2504340000 -0.9024620000  0.6952073333 -0.5241643333 -0.9024620000  0.8676036667 -0.7978946667 -0.9024620000  0.5228110000 -0.4154980000 -0.9024620000  0.6952073333 -0.6892283333 -0.9024620000  0.5228110000 -0.5805620000 
-0.9024620000  0.5228110000 -0.5805620000 -0.9024620000  0.1800383333 -0.6892283333 -0.9024620000 -0.1627343333 -0.7978946667 -0.9024620000 -0.5055070000 -0.9065610000 -0.9024620000  0.2986310000 -0.5805620000 -0.9024620000 -0.0441416667 -0.6892283333 -0.9024620000 -0.3869143333 -0.7978946667 -0.9024620000  0.0744510000 -0.5805620000 -0.9024620000 -0.2683216667 -0.6892283333 -0.9024620000 -0.1497290000 -0.5805620000 
-1.3938440000  0.5228110000 -0.0853700000 -1.3938440000  0.2986310000 -0.2504340000 -1.3938440000  0.0744510000 -0.4154980000 -1.3938440000 -0.1497290000 -0.5805620000 -1.3938440000  0.2986310000 -0.0853703333 -1.3938440000  0.0744510000 -0.2504343333 -1.3938440000 -0.1497290000 -0.4154983333 -1.3938440000  0.0744510000 -0.0853706667 -1.3938440000 -0.1497290000 -0.2504346667 -1.3938440000 -0.1497290000 -0.0853710000 
-0.9024620000 -0.1497290000 -0.0853710000 -1.0662560000 -0.1497290000 -0.2504346667 -1.2300500000 -0.1497290000 -0.4154983333 -1.3938440000 -0.1497290000 -0.5805620000 -0.9024620000 -0.1497290000 -0.2504346667 -1.0662560000 -0.1497290000 -0.4154983333 -1.2300500000 -0.1497290000 -0.5805620000 -0.9024620000 -0.1497290000 -0.4154983333 -1.0662560000 -0.1497290000 -0.5805620000 -0.9024620000 -0.1497290000 -0.5805620000 
-0.9024620000 -0.1497290000 -0.5805620000 -1.0662560000  0.0744510000 -0.5805620000 -1.2300500000  0.2986310000 -0.5805620000 -1.3938440000  0.5228110000 -0.5805620000 -0.9024620000  0.0744510000 -0.5805620000 -1.0662560000  0.2986310000 -0.5805620000 -1.2300500000  0.5228110000 -0.5805620000 -0.9024620000  0.2986310000 -0.5805620000 -1.0662560000  0.5228110000 -0.5805620000 -0.9024620000  0.5228110000 -0.5805620000 
-0.9024620000  0.5228110000 -0.0853700000 -1.0662560000  0.2986310000 -0.0853703333 -1.2300500000  0.0744510000 -0.0853706667 -1.3938440000 -0.1497290000 -0.0853710000 -0.9024620000  0.2986310000 -0.0853703333 -1.0662560000  0.0744510000 -0.0853706667 -1.2300500000 -0.1497290000 -0.0853710000 -0.9024620000  0.0744510000 -0.0853706667 -1.0662560000 -0.1497290000 -0.0853710000 -0.9024620000 -0.1497290000 -0.0853710000 
 0.9017030000  0.5229830000 -0.5812560000  0.9017030000  0.1801530000 -0.6896910000  0.9017030000 -0.1626770000 -0.7981260000  0.9017030000 -0.5055070000 -0.9065610000  0.9017030000  0.6953220000 -0.6896910000  0.9017030000  0.3524920000 -0.7981260000  0.9017030000  0.0096620000 -0.9065610000  0.9017030000  0.8676610000 -0.7981260000  0.9017030000  0.5248310000 -0.9065610000  0.9017030000  1.0400000000 -0.9065610000 
 0.9017030000 -0.1477770000 -0.0857390000  0.9017030000 -0.2670203333 -0.3593463333  0.9017030000 -0.3862636667 -0.6329536667  0.9017030000 -0.5055070000 -0.9065610000  0.9017030000 -0.1477770000 -0.2509113333  0.9017030000 -0.2670203333 -0.5245186667  0.9017030000 -0.3862636667 -0.7981260000  0.9017030000 -0.1477770000 -0.4160836667  0.9017030000 -0.2670203333 -0.6896910000  0.9017030000 -0.1477770000 -0.5812560000 
 0.9017030000  0.5229830000 -0.0857390000  0.9017030000  0.6953220000 -0.3593463333  0.9017030000  0.8676610000 -0.6329536667  0.9017030000  1.0400000000 -0.9065610000 0.9017030000 0.6953220000 0.2895073333 0.9017030000 0.8676610000 0.0159000000  0.9017030000  1.0400000000 -0.2577073333 0.9017030000 0.8676610000 0.6647536667 0.9017030000 1.0400000000 0.3911463333 0.9017030000 1.0400000000 1.0400000000 
 0.9017030000  0.5229830000 -0.0857390000 0.9017030000 0.1801530000 0.2895073333  0.9017030000 -0.1626770000  0.6647536667  0.9017030000 -0.5055070000  1.0400000000  0.9017030000  0.2993963333 -0.0857390000  0.9017030000 -0.0434336667  0.2895073333  0.9017030000 -0.3862636667  0.6647536667  0.9017030000  0.0758096667 -0.0857390000  0.9017030000 -0.2670203333  0.2895073333  0.9017030000 -0.1477770000 -0.0857390000 
 1.3860390000  0.5229830000 -0.5812560000  1.3860390000  0.2993963333 -0.4160836667  1.3860390000  0.0758096667 -0.2509113333  1.3860390000 -0.1477770000 -0.0857390000  1.3860390000  0.2993963333 -0.5812560000  1.3860390000  0.0758096667 -0.4160836667  1.3860390000 -0.1477770000 -0.2509113333  1.3860390000  0.0758096667 -0.5812560000  1.3860390000 -0.1477770000 -0.4160836667  1.3860390000 -0.1477770000 -0.5812560000 
 0.9017030000 -0.1477770000 -0.5812560000  1.0631483333 -0.1477770000 -0.4160836667  1.2245936667 -0.1477770000 -0.2509113333  1.3860390000 -0.1477770000 -0.0857390000  0.9017030000 -0.1477770000 -0.4160836667  1.0631483333 -0.1477770000 -0.2509113333  1.2245936667 -0.1477770000 -0.0857390000  0.9017030000 -0.1477770000 -0.2509113333  1.0631483333 -0.1477770000 -0.0857390000  0.9017030000 -0.1477770000 -0.0857390000 
 0.9017030000  0.5229830000 -0.0857390000  1.0631483333  0.5229830000 -0.2509113333  1.2245936667  0.5229830000 -0.4160836667  1.3860390000  0.5229830000 -0.5812560000  0.9017030000  0.5229830000 -0.2509113333  1.0631483333  0.5229830000 -0.4160836667  1.2245936667  0.5229830000 -0.5812560000  0.9017030000  0.5229830000 -0.4160836667  1.0631483333  0.5229830000 -0.5812560000  0.9017030000  0.5229830000 -0.5812560000 
 0.9017030000  0.5229830000 -0.5812560000  1.0631483333  0.2993963333 -0.5812560000  1.2245936667  0.0758096667 -0.5812560000  1.3860390000 -0.1477770000 -0.5812560000  0.9017030000  0.2993963333 -0.5812560000  1.0631483333  0.0758096667 -0.5812560000  1.2245936667 -0.1477770000 -0.5812560000  0.9017030000  0.0758096667 -0.5812560000  1.0631483333 -0.1477770000 -0.5812560000  0.9017030000 -0.1477770000 -0.5812560000 
-0.9024620000  0.5228110000 -0.5805620000 -1.0662560000  0.5228110000 -0.5805620000 -1.2300500000  0.5228110000 -0.5805620000 -1.3938440000  0.5228110000 -0.5805620000 -1.0662560000  0.5228110000 -0.4154980000 -1.2300500000  0.5228110000 -0.4154980000 -1.3938440000  0.5228110000 -0.4154980000 -1.2300500000  0.5228110000 -0.2504340000 -1.3938440000  0.5228110000 -0.2504340000 -1.3938440000  0.5228110000 -0.0853700000 
-0.9024620000  1.0400000000 -0.9065610000 -0.3010736667  1.0400000000 -0.9065610000  0.3003146667  1.0400000000 -0.9065610000  0.9017030000  1.0400000000 -0.9065610000 -0.3010736667  0.5248310000 -0.9065610000  0.3003146667  0.5248310000 -0.9065610000  0.9017030000  0.5248310000 -0.9065610000  0.3003146667  0.0096620000 -0.9065610000  0.9017030000  0.0096620000 -0.9065610000  0.9017030000 -0.5055070000 -0.9065610000 
 0.9017030000 -0.1477770000 -0.0857390000  1.0631483333 -0.1477770000 -0.0857390000  1.2245936667 -0.1477770000 -0.0857390000  1.3860390000 -0.1477770000 -0.0857390000  1.0631483333  0.0758096667 -0.0857390000  1.2245936667  0.0758096667 -0.0857390000  1.3860390000  0.0758096667 -0.0857390000  1.2245936667  0.2993963333 -0.0857390000  1.3860390000  0.2993963333 -0.0857390000  1.3860390000  0.5229830000 -0.0857390000 
0.9017030000 1.0400000000 1.0400000000 0.3003146667 1.0400000000 1.0400000000 -0.3010736667  1.0400000000  1.0400000000 -0.9024620000  1.0400000000  1.0400000000 0.3003146667 0.5248310000 1.0400000000 -0.3010736667  0.5248310000  1.0400000000 -0.9024620000  0.5248310000  1.0400000000 -0.3010736667  0.0096620000  1.0400000000 -0.9024620000  0.0096620000  1.0400000000 -0.9024620000 -0.5055070000  1.0400000000 
-0.3989370000 -0.5055070000  0.8037570000 -0.3989370000 -0.6895410000  0.8037570000 -0.3989370000 -0.8735750000  0.8037570000 -0.3989370000 -1.0576090000  0.8037570000 -0.1294193333 -0.6895410000  0.8037570000 -0.1294193333 -0.8735750000  0.8037570000 -0.1294193333 -1.0576090000  0.8037570000  0.1400983333 -0.8735750000  0.8037570000  0.1400983333 -1.0576090000  0.8037570000  0.4096160000 -1.0576090000  0.8037570000 
-0.9024620000  1.0400000000 -0.9065610000 -0.9024620000  1.0400000000 -0.2577073333 -0.9024620000  1.0400000000  0.3911463333 -0.9024620000  1.0400000000  1.0400000000 -0.3010736667  1.0400000000 -0.2577073333 -0.3010736667  1.0400000000  0.3911463333 -0.3010736667  1.0400000000  1.0400000000 0.3003146667 1.0400000000 0.3911463333 0.3003146667 1.0400000000 1.0400000000 0.9017030000 1.0400000000 1.0400000000 
-0.3989370000 -0.5055070000  0.2470550000 -0.3989370000 -0.5055070000  0.4326223333 -0.3989370000 -0.5055070000  0.6181896667 -0.3989370000 -0.5055070000  0.8037570000 -0.5667786667 -0.5055070000  0.5113700000 -0.5667786667 -0.5055070000  0.6969373333 -0.5667786667 -0.5055070000  0.8825046667 -0.7346203333 -0.5055070000  0.7756850000 -0.7346203333 -0.5055070000  0.9612523333 -0.9024620000 -0.5055070000  1.0400000000 
-0.3989370000 -0.5055070000  0.2470550000 -0.5667786667 -0.5055070000 -0.1374836667 -0.7346203333 -0.5055070000 -0.5220223333 -0.9024620000 -0.5055070000 -0.9065610000  0.0346096667 -0.5055070000 -0.1374836667 -0.1332320000 -0.5055070000 -0.5220223333 -0.3010736667 -0.5055070000 -0.9065610000  0.4681563333 -0.5055070000 -0.5220223333  0.3003146667 -0.5055070000 -0.9065610000  0.9017030000 -0.5055070000 -0.9065610000 
 0.4096160000 -0.5055070000  0.2470550000  0.5736450000 -0.5055070000 -0.1374836667  0.7376740000 -0.5055070000 -0.5220223333  0.9017030000 -0.5055070000 -0.9065610000  0.5736450000 -0.5055070000  0.5113700000  0.7376740000 -0.5055070000  0.1268313333  0.9017030000 -0.5055070000 -0.2577073333  0.7376740000 -0.5055070000  0.7756850000  0.9017030000 -0.5055070000  0.3911463333  0.9017030000 -0.5055070000  1.0400000000 
-0.3989370000 -0.5055070000  0.8037570000 -0.1294193333 -0.5055070000  0.8037570000  0.1400983333 -0.5055070000  0.8037570000  0.4096160000 -0.5055070000  0.8037570000  0.0346096667 -0.5055070000  0.8825046667  0.3041273333 -0.5055070000  0.8825046667  0.5736450000 -0.5055070000  0.8825046667  0.4681563333 -0.5055070000  0.9612523333  0.7376740000 -0.5055070000  0.9612523333  0.9017030000 -0.5055070000  1.0400000000 
 0.4096160000 -1.0576090000  0.2470550000  0.4096160000 -1.0576090000  0.4326223333  0.4096160000 -1.0576090000  0.6181896667  0.4096160000 -1.0576090000  0.8037570000  0.1400983333 -1.0576090000  0.4326223333  0.1400983333 -1.0576090000  0.6181896667  0.1400983333 -1.0576090000  0.8037570000 -0.1294193333 -1.0576090000  0.6181896667 -0.1294193333 -1.0576090000  0.8037570000 -0.3989370000 -1.0576090000  0.8037570000 
 0.4096160000 -0.5055070000  0.2470550000  0.4096160000 -0.6895410000  0.2470550000  0.4096160000 -0.8735750000  0.2470550000  0.4096160000 -1.0576090000  0.2470550000  0.1400983333 -0.6895410000  0.2470550000  0.1400983333 -0.8735750000  0.2470550000  0.1400983333 -1.0576090000  0.2470550000 -0.1294193333 -0.8735750000  0.2470550000 -0.1294193333 -1.0576090000  0.2470550000 -0.3989370000 -1.0576090000  0.2470550000 
 0.4096160000 -0.5055070000  0.8037570000  0.4096160000 -0.6895410000  0.8037570000  0.4096160000 -0.8735750000  0.8037570000  0.4096160000 -1.0576090000  0.8037570000  0.4096160000 -0.6895410000  0.6181896667  0.4096160000 -0.8735750000  0.6181896667  0.4096160000 -1.0576090000  0.6181896667  0.4096160000 -0.8735750000  0.4326223333  0.4096160000 -1.0576090000  0.4326223333  0.4096160000 -1.0576090000  0.2470550000 
-0.3989370000 -0.5055070000  0.2470550000 -0.3989370000 -0.6895410000  0.2470550000 -0.3989370000 -0.8735750000  0.2470550000 -0.3989370000 -1.0576090000  0.2470550000 -0.3989370000 -0.6895410000  0.4326223333 -0.3989370000 -0.8735750000  0.4326223333 -0.3989370000 -1.0576090000  0.4326223333 -0.3989370000 -0.8735750000  0.6181896667 -0.3989370000 -1.0576090000  0.6181896667 -0.3989370000 -1.0576090000  0.8037570000 
-0.9024620000 -0.1497290000 -0.0853710000 -0.9024620000 -0.1497290000 -0.2504346667 -0.9024620000 -0.1497290000 -0.4154983333 -0.9024620000 -0.1497290000 -0.5805620000 -0.9024620000 -0.2683216667 -0.3591010000 -0.9024620000 -0.2683216667 -0.5241646667 -0.9024620000 -0.2683216667 -0.6892283333 -0.9024620000 -0.3869143333 -0.6328310000 -0.9024620000 -0.3869143333 -0.7978946667 -0.9024620000 -0.5055070000 -0.9065610000 
-0.9024620000  0.5228110000 -0.0853700000 -0.9024620000  0.2986310000 -0.0853703333 -0.9024620000  0.0744510000 -0.0853706667 -0.9024620000 -0.1497290000 -0.0853710000 -0.9024620000  0.1800383333  0.2897533333 -0.9024620000 -0.0441416667  0.2897530000 -0.9024620000 -0.2683216667  0.2897526667 -0.9024620000 -0.1627343333  0.6648766667 -0.9024620000 -0.3869143333  0.6648763333 -0.9024620000 -0.5055070000  1.0400000000 
-0.9024620000  0.5228110000 -0.0853700000 -0.9024620000  0.6952073333  0.2897533333 -0.9024620000  0.8676036667  0.6648766667 -0.9024620000  1.0400000000  1.0400000000 -0.9024620000  0.6952073333 -0.3591003333 -0.9024620000  0.8676036667  0.0160230000 -0.9024620000  1.0400000000  0.3911463333 -0.9024620000  0.8676036667 -0.6328306667 -0.9024620000  1.0400000000 -0.2577073333 -0.9024620000  1.0400000000 -0.9065610000 
-0.9024620000  0.5228110000 -0.5805620000 -0.9024620000  0.6952073333 -0.6892283333 -0.9024620000  0.8676036667 -0.7978946667 -0.9024620000  1.0400000000 -0.9065610000 -0.9024620000  0.1800383333 -0.6892283333 -0.9024620000  0.3524346667 -0.7978946667 -0.9024620000  0.5248310000 -0.9065610000 -0.9024620000 -0.1627343333 -0.7978946667 -0.9024620000  0.0096620000 -0.9065610000 -0.9024620000 -0.5055070000 -0.9065610000 
-1.3938440000  0.5228110000 -0.0853700000 -1.3938440000  0.5228110000 -0.2504340000 -1.3938440000  0.5228110000 -0.4154980000 -1.3938440000  0.5228110000 -0.5805620000 -1.3938440000  0.2986310000 -0.2504340000 -1.3938440000  0.2986310000 -0.4154980000 -1.3938440000  0.2986310000 -0.5805620000 -1.3938440000  0.0744510000 -0.4154980000 -1.3938440000  0.0744510000 -0.5805620000 -1.3938440000 -0.1497290000 -0.5805620000 
-0.9024620000 -0.1497290000 -0.0853710000 -1.0662560000 -0.1497290000 -0.0853710000 -1.2300500000 -0.1497290000 -0.0853710000 -1.3938440000 -0.1497290000 -0.0853710000 -1.0662560000 -0.1497290000 -0.2504346667 -1.2300500000 -0.1497290000 -0.2504346667 -1.3938440000 -0.1497290000 -0.2504346667 -1.2300500000 -0.1497290000 -0.4154983333 -1.3938440000 -0.1497290000 -0.4154983333 -1.3938440000 -0.1497290000 -0.5805620000 
-0.9024620000 -0.1497290000 -0.5805620000 -1.0662560000 -0.1497290000 -0.5805620000 -1.2300500000 -0.1497290000 -0.5805620000 -1.3938440000 -0.1497290000 -0.5805620000 -1.0662560000  0.0744510000 -0.5805620000 -1.2300500000  0.0744510000 -0.5805620000 -1.3938440000  0.0744510000 -0.5805620000 -1.2300500000  0.2986310000 -0.5805620000 -1.3938440000  0.2986310000 -0.5805620000 -1.3938440000  0.5228110000 -0.5805620000 
-0.9024620000  0.5228110000 -0.0853700000 -1.0662560000  0.5228110000 -0.0853700000 -1.2300500000  0.5228110000 -0.0853700000 -1.3938440000  0.5228110000 -0.0853700000 -1.0662560000  0.2986310000 -0.0853703333 -1.2300500000  0.2986310000 -0.0853703333 -1.3938440000  0.2986310000 -0.0853703333 -1.2300500000  0.0744510000 -0.0853706667 -1.3938440000  0.0744510000 -0.0853706667 -1.3938440000 -0.1497290000 -0.0853710000 
 0.9017030000  0.5229830000 -0.5812560000  0.9017030000  0.2993963333 -0.5812560000  0.9017030000  0.0758096667 -0.5812560000  0.9017030000 -0.1477770000 -0.5812560000  0.9017030000  0.1801530000 -0.6896910000  0.9017030000 -0.0434336667 -0.6896910000  0.9017030000 -0.2670203333 -0.6896910000  0.9017030000 -0.1626770000 -0.7981260000  0.9017030000 -0.3862636667 -0.7981260000  0.9017030000 -0.5055070000 -0.9065610000 
 0.9017030000 -0.1477770000 -0.0857390000  0.9017030000 -0.2670203333  0.2895073333  0.9017030000 -0.3862636667  0.6647536667  0.9017030000 -0.5055070000  1.0400000000  0.9017030000 -0.2670203333 -0.3593463333  0.9017030000 -0.3862636667  0.0159000000  0.9017030000 -0.5055070000  0.3911463333  0.9017030000 -0.3862636667 -0.6329536667  0.9017030000 -0.5055070000 -0.2577073333  0.9017030000 -0.5055070000 -0.9065610000 
 0.9017030000  0.5229830000 -0.0857390000  0.9017030000  0.5229830000 -0.2509113333  0.9017030000  0.5229830000 -0.4160836667  0.9017030000  0.5229830000 -0.5812560000  0.9017030000  0.6953220000 -0.3593463333  0.9017030000  0.6953220000 -0.5245186667  0.9017030000  0.6953220000 -0.6896910000  0.9017030000  0.8676610000 -0.6329536667  0.9017030000  0.8676610000 -0.7981260000  0.9017030000  1.0400000000 -0.9065610000 
 0.9017030000  0.5229830000 -0.0857390000 0.9017030000 0.6953220000 0.2895073333 0.9017030000 0.8676610000 0.6647536667 0.9017030000 1.0400000000 1.0400000000 0.9017030000 0.1801530000 0.2895073333 0.9017030000 0.3524920000 0.6647536667 0.9017030000 0.5248310000 1.0400000000  0.9017030000 -0.1626770000  0.6647536667 0.9017030000 0.0096620000 1.0400000000  0.9017030000 -0.5055070000  1.0400000000 
 1.3860390000  0.5229830000 -0.5812560000  1.3860390000  0.5229830000 -0.4160836667  1.3860390000  0.5229830000 -0.2509113333  1.3860390000  0.5229830000 -0.0857390000  1.3860390000  0.2993963333 -0.4160836667  1.3860390000  0.2993963333 -0.2509113333  1.3860390000  0.2993963333 -0.0857390000  1.3860390000  0.0758096667 -0.2509113333  1.3860390000  0.0758096667 -0.0857390000  1.3860390000 -0.1477770000 -0.0857390000 
 0.9017030000 -0.1477770000 -0.5812560000  1.0631483333 -0.1477770000 -0.5812560000  1.2245936667 -0.1477770000 -0.5812560000  1.3860390000 -0.1477770000 -0.5812560000  1.0631483333 -0.1477770000 -0.4160836667  1.2245936667 -0.1477770000 -0.4160836667  1.3860390000 -0.1477770000 -0.4160836667  1.2245936667 -0.1477770000 -0.2509113333  1.3860390000 -0.1477770000 -0.2509113333  1.3860390000 -0.1477770000 -0.0857390000 
 0.9017030000  0.5229830000 -0.0857390000  1.0631483333  0.5229830000 -0.0857390000  1.2245936667  0.5229830000 -0.0857390000  1.3860390000  0.5229830000 -0.0857390000  1.0631483333  0.5229830000 -0.2509113333  1.2245936667  0.5229830000 -0.2509113333  1.3860390000  0.5229830000 -0.2509113333  1.2245936667  0.5229830000 -0.4160836667  1.3860390000  0.5229830000 -0.4160836667  1.3860390000  0.5229830000 -0.5812560000 
 0.9017030000  0.5229830000 -0.5812560000  1.0631483333  0.5229830000 -0.5812560000  1.2245936667  0.5229830000 -0.5812560000  1.3860390000  0.5229830000 -0.5812560000  1.0631483333  0.2993963333 -0.5812560000  1.2245936667  0.2993963333 -0.5812560000  1.3860390000  0.2993963333 -0.5812560000  1.2245936667  0.0758096667 -0.5812560000  1.3860390000  0.0758096667 -0.5812560000  1.3860390000 -0.1477770000 -0.5812560000 
