 -15.6697160000 -171.3280180000   -9.0624800000  -29.4419940000 -141.4814450000   10.1691110000  -43.2136610000 -111.6354220000   29.4007030000 -56.9854810000 -81.7893980000  48.6323090000  -10.7989270000 -177.0484310000   -3.0872680000  -24.5703200000 -147.2024080000   16.1443100000  -38.3418350000 -117.3565060000   35.3759000000   -5.9267200000 -182.7688900000    2.8879450000  -19.6985550000 -152.9232790000   22.1195070000   -1.0552600000 -188.4900050000    8.8631610000 
 -9.2039550000 112.3064500000 315.3970950000 -139.3746030000  -17.6205840000  266.0620120000 -235.9721680000 -267.7066960000  228.9049380000 -144.9455870000 -433.9872440000  191.7469480000  12.6022590000  54.5612110000 315.3970950000 -97.0861820000 -62.5840640000 266.0620120000 -175.9109500000 -281.9428710000  228.9049380000  34.4084700000  -3.1840430000 315.3970950000  -54.7977680000 -107.5475390000  266.0620420000  56.2146840000 -60.9292910000 315.3970950000 
-274.8885500000 -148.8953700000   40.7883680000 -199.4564360000 -112.8181610000   43.4029770000 -116.2196960000  -81.1550450000   46.0177000000 -56.9854810000 -81.7893980000  48.6323090000 -241.4008330000 -165.3498840000   40.7883720000 -169.4396210000 -134.9804530000   43.4029880000  -90.6571200000 -108.3346630000   46.0177000000 -207.9130250000 -181.8044280000   40.7883870000 -139.4226840000 -157.1427920000   43.4029880000 -174.4252930000 -198.2589260000   40.7883870000 
 56.2146840000 -60.9292910000 315.3970950000  63.4905320000 -90.4696040000 205.1009980000   20.4579320000 -143.5441590000  106.9820180000   -1.0552600000 -188.4900050000    8.8631610000  59.9163440000 -50.4724040000 218.3569950000   11.8917840000 -104.3116680000  120.2380070000  -19.6985550000 -152.9232790000   22.1195070000   3.3253620000 -65.0786670000 133.4949950000  -38.3418350000 -117.3565060000   35.3759000000 -56.9854810000 -81.7893980000  48.6323090000 
-252.0875700000   78.4219280000    8.8631140000 -122.7212600000  126.8942640000  106.9819870000 -23.2702560000 139.2824860000 205.1009830000  -9.2039550000 112.3064500000 315.3970950000 -217.7297210000   57.6348340000   22.1194730000 -95.0895160000  97.7557750000 120.2379910000   0.4856970000 106.9064940000 218.3569790000 -183.3718570000   36.8477130000   35.3758810000 -67.4574890000  68.6167370000 133.4949950000 -149.0136720000   16.0602530000   48.6322900000 
-274.8885500000 -148.8953700000   40.7883680000 -266.7454830000  -76.0841830000   24.1713750000 -235.4647060000   15.2261440000    7.5544570000 -235.8530580000   62.7835620000   -9.0625130000 -235.4777980000  -86.2225490000   43.4029730000 -206.5184020000   -0.3477530000   26.7860790000 -206.9062960000   47.2087940000   10.1690780000 -177.5718080000  -15.9219630000   46.0176770000 -177.9599610000   31.6345920000   29.4006820000 -149.0136720000   16.0602530000   48.6322900000 
-149.0136720000   16.0602530000   48.6322900000 134.1831210000  26.8499010000  60.9540210000 407.3849790000 -13.4637990000 284.5340580000 515.9114380000 -53.7774010000 532.1370240000 -118.3375850000  -16.5563090000   48.6322940000 134.1831210000 -17.9257980000  60.9540250000 407.3849790000 -58.2394980000 284.5340580000 -87.6615450000 -49.1728100000  48.6322980000 134.1831210000 -62.7015000000  60.9540290000 -56.9854810000 -81.7893980000  48.6323090000 
-282.0065610000 -504.6448970000  191.7468870000 -335.5712280000 -417.0071410000  154.6449280000 -368.7312930000 -331.7309880000  117.5419240000 -351.4157410000 -212.8294980000   80.4393540000 -278.0524900000 -504.8847050000  161.0038910000 -331.7967830000 -418.2099300000  123.9019240000 -365.2494200000 -333.6203920000   86.7989350000 -274.0982360000 -505.1244510000  130.2609250000 -328.0222780000 -419.4125060000   93.1584170000 -270.1440430000 -505.3642270000   99.5179060000 
-282.0065610000 -504.6448970000  191.7468870000 -278.0524900000 -504.8847050000  161.0038910000 -274.0982360000 -505.1244510000  130.2609250000 -270.1440430000 -505.3642270000   99.5179060000 -238.4180300000 -484.4523930000  161.0038910000 -234.4638670000 -484.6921690000  130.2609250000 -230.5096130000 -484.9319460000   99.5179290000 -194.8293460000 -464.2598270000  130.2609250000 -190.8752750000 -464.4996340000   99.5179370000 -151.2408750000 -444.0672910000   99.5179440000 
-144.9455870000 -433.9872440000  191.7469480000 -190.6326290000 -457.5397640000  191.7469180000 -236.3196110000 -481.0923160000  191.7469180000 -282.0065610000 -504.6448970000  191.7468870000 -147.0439760000 -437.3472290000  161.0039520000 -192.7309880000 -460.8997800000  161.0039370000 -238.4180300000 -484.4523930000  161.0038910000 -149.1423950000 -440.7072750000  130.2609410000 -194.8293460000 -464.2598270000  130.2609250000 -151.2408750000 -444.0672910000   99.5179440000 
-174.4252930000 -198.2589260000   40.7883870000 -120.5286560000 -184.0401920000   24.1713910000  -73.2616270000 -178.7913670000    7.5544860000  -15.6697160000 -171.3280180000   -9.0624800000 -136.4205020000 -214.3569180000   27.2989900000  -86.0028990000 -206.6564330000   10.6819980000  -33.1966480000 -196.4607850000   -5.9349150000  -98.7447200000 -234.5223390000   13.8095950000  -51.4770550000 -229.2727510000   -2.8073420000  -60.4102330000 -246.5509490000    0.3202190000 
-144.9455870000 -433.9872440000  191.7469480000 -147.0439760000 -437.3472290000  161.0039520000 -149.1423950000 -440.7072750000  130.2609410000 -151.2408750000 -444.0672910000   99.5179440000 -167.6024320000 -378.0169980000  154.6449430000 -170.4611970000 -380.7593690000  123.9019620000 -173.3199460000 -383.5017700000   93.1584780000 -178.2114410000 -324.2259830000  117.5419770000 -181.5338900000 -326.3835140000   86.7989810000 -148.1477360000 -261.0097660000   80.4393920000 
515.9114380000  53.7774010000 532.1370240000 405.7937320000  26.4006060000 564.9680790000 295.6753540000  -0.9762000000 597.8002320000 185.5569310000 -28.3529780000 630.6313480000 515.9114380000  17.9257980000 532.1370240000 405.7937320000  -9.4510010000 564.9680790000 295.6753540000 -36.8277850000 597.8002320000 515.9114380000 -17.9258020000 532.1370240000 405.7937320000 -45.3025890000 564.9680790000 515.9114380000 -53.7774010000 532.1370240000 
-382.7843020000  -88.1495820000    0.3201760000 -336.5596620000  -19.2492490000    3.1678310000 -319.9377440000    5.2907150000    6.0154630000 -252.0875700000   78.4219280000    8.8631140000 -330.3016660000  -23.4085350000   -2.8073800000 -267.4235840000   52.0426860000    0.0402630000 -246.6755980000   73.2091290000    2.8879100000 -262.0123600000   46.8292010000   -5.9349480000 -241.2643590000   67.9956590000   -3.0873010000 -235.8530580000   62.7835620000   -9.0625130000 
-351.4157410000 -212.8294980000   80.4393540000 -359.1298220000 -134.8796230000   60.9318580000 -382.0738220000 -106.0528260000   41.4242520000 -405.0182800000  -77.2247010000   21.9166410000 -351.7182010000 -138.5213780000   53.7329600000 -349.0310060000  -66.4364620000   34.2254520000 -397.6066280000  -80.8664550000   14.7178500000 -342.3875730000  -71.3414920000   27.0265620000 -390.1959530000  -84.5077970000    7.5189980000 -382.7843020000  -88.1495820000    0.3201760000 
515.9114380000 -53.7774010000 532.1370240000 405.7937320000 -45.3025890000 564.9680790000 295.6753540000 -36.8277850000 597.8002320000 185.5569310000 -28.3529780000 630.6313480000 407.3849790000 -58.2394980000 284.5340580000 314.0141300000 -49.7646900000 351.5110470000 220.6438450000 -41.2898830000 418.4865720000 134.1831210000 -62.7015000000  60.9540290000 118.2987820000 -54.2266920000 174.7592470000 -56.9854810000 -81.7893980000  48.6323090000 
-405.0182800000  -77.2247010000   21.9166410000 -236.7346500000   70.7595670000  115.6839750000 -80.4702150000 123.0657350000 209.4519810000  -9.2039550000 112.3064500000 315.3970950000 -349.8457340000   -9.4397540000   17.5654580000 -210.3297420000   85.9112090000  111.3329770000 -23.2702560000 139.2824860000 205.1009830000 -326.5803830000   10.1951340000   13.2142620000 -122.7212600000  126.8942640000  106.9819870000 -252.0875700000   78.4219280000    8.8631140000 
-148.1477360000 -261.0097660000   80.4393920000 -157.2723080000 -236.6412510000   67.2223740000 -165.8488460000 -217.4500730000   54.0053900000 -174.4252930000 -198.2589260000   40.7883870000 -119.2672120000 -252.7382660000   53.7329940000 -127.8430790000 -233.5474240000   40.5159910000 -136.4205020000 -214.3569180000   27.2989900000  -89.8385160000 -249.6441500000   27.0265940000  -98.7447200000 -234.5223390000   13.8095950000  -60.4102330000 -246.5509490000    0.3202190000 
-351.4157410000 -212.8294980000   80.4393540000 -315.7531740000 -158.7702640000   67.2223740000 -295.3208010000 -153.8328400000   54.0053710000 -274.8885500000 -148.8953700000   40.7883680000 -365.2494200000 -333.6203920000   86.7989350000 -349.6302800000 -319.5527650000   73.5818480000 -334.0111390000 -305.4850160000   60.3648450000 -328.0222780000 -419.4125060000   93.1584170000 -315.3194580000 -402.6644290000   79.9414060000 -270.1440430000 -505.3642270000   99.5179060000 
-270.1440430000 -505.3642270000   99.5179060000 -278.9739070000 -394.2276610000   79.9414440000 -245.2707210000 -282.9963070000   60.3648610000 -174.4252930000 -198.2589260000   40.7883870000 -230.5096130000 -484.9319460000   99.5179290000 -235.5376740000 -384.1449280000   79.9414440000 -201.8818360000 -293.2806700000   60.3648760000 -190.8752750000 -464.4996340000   99.5179370000 -192.1015780000 -374.0621640000   79.9414670000 -151.2408750000 -444.0672910000   99.5179440000 
185.5569310000  28.3530240000 630.6313480000 167.2592620000 -11.9606730000 503.9780270000 123.8614960000 -52.2743760000 362.0817870000  56.2146840000 -60.9292910000 315.3970950000 185.5569310000   9.4510350000 630.6313480000 167.2592620000 -30.8626770000 503.9780270000 123.8614960000 -71.1763760000 362.0817870000 185.5569310000  -9.4509850000 630.6313480000 167.2592620000 -49.7646750000 503.9780270000 185.5569310000 -28.3529780000 630.6313480000 
 -9.2039550000 112.3064500000 315.3970950000 -174.5894470000   19.8218820000  266.0620120000 -336.0018920000 -243.9968410000  228.9049380000 -282.0065610000 -504.6448970000  191.7468870000 -139.3746030000  -17.6205840000  266.0620120000 -285.9870610000 -255.8517910000  228.9049380000 -236.3196110000 -481.0923160000  191.7469180000 -235.9721680000 -267.7066960000  228.9049380000 -190.6326290000 -457.5397640000  191.7469180000 -144.9455870000 -433.9872440000  191.7469480000 
-274.8885500000 -148.8953700000   40.7883680000 -235.4777980000  -86.2225490000   43.4029730000 -177.5718080000  -15.9219630000   46.0176770000 -149.0136720000   16.0602530000   48.6322900000 -199.4564360000 -112.8181610000   43.4029770000 -146.8957980000  -48.5384640000   46.0176850000 -118.3375850000  -16.5563090000   48.6322940000 -116.2196960000  -81.1550450000   46.0177000000 -87.6615450000 -49.1728100000  48.6322980000 -56.9854810000 -81.7893980000  48.6323090000 
-274.8885500000 -148.8953700000   40.7883680000 -310.8541560000 -128.6473240000   27.2989620000 -321.4034730000  -70.1270140000   13.8095670000 -382.7843020000  -88.1495820000    0.3201760000 -266.7454830000  -76.0841830000   24.1713750000 -298.5235290000  -49.7463650000   10.6819680000 -330.3016660000  -23.4085350000   -2.8073800000 -235.4647060000   15.2261440000    7.5544570000 -262.0123600000   46.8292010000   -5.9349480000 -235.8530580000   62.7835620000   -9.0625130000 
-149.0136720000   16.0602530000   48.6322900000 134.1831210000  62.7015000000  60.9540210000 407.3849790000  58.2394980000 284.5340580000 515.9114380000  53.7774010000 532.1370240000 134.1831210000  26.8499010000  60.9540210000 407.3849790000  22.3878020000 284.5340580000 515.9114380000  17.9257980000 532.1370240000 407.3849790000 -13.4637990000 284.5340580000 515.9114380000 -17.9258020000 532.1370240000 515.9114380000 -53.7774010000 532.1370240000 
-174.4252930000 -198.2589260000   40.7883870000 -139.4226840000 -157.1427920000   43.4029880000  -90.6571200000 -108.3346630000   46.0177000000 -56.9854810000 -81.7893980000  48.6323090000 -120.5286560000 -184.0401920000   24.1713910000  -92.1554110000 -151.8941190000   26.7861040000  -43.2136610000 -111.6354220000   29.4007030000  -73.2616270000 -178.7913670000    7.5544860000  -29.4419940000 -141.4814450000   10.1691110000  -15.6697160000 -171.3280180000   -9.0624800000 
 -38.1763000000 -257.4758000000   21.9167160000  -45.5879060000 -253.8340450000   14.7179090000  -52.9986270000 -250.1927190000    7.5190490000  -60.4102330000 -246.5509490000    0.3202190000  -38.1909680000 -239.0822300000   11.5903110000  -44.8344310000 -234.1771700000    4.3914880000  -51.4770550000 -229.2727510000   -2.8073420000  -27.5390400000 -202.4762570000    1.2639150000  -33.1966480000 -196.4607850000   -5.9349150000  -15.6697160000 -171.3280180000   -9.0624800000 
-382.7843020000  -88.1495820000    0.3201760000 -390.1959530000  -84.5077970000    7.5189980000 -397.6066280000  -80.8664550000   14.7178500000 -405.0182800000  -77.2247010000   21.9166410000 -336.5596620000  -19.2492490000    3.1678310000 -343.2023010000  -14.3447830000   10.3666610000 -349.8457340000   -9.4397540000   17.5654580000 -319.9377440000    5.2907150000    6.0154630000 -326.5803830000   10.1951340000   13.2142620000 -252.0875700000   78.4219280000    8.8631140000 
-148.1477360000 -261.0097660000   80.4393920000 -181.5338900000 -326.3835140000   86.7989810000 -173.3199460000 -383.5017700000   93.1584780000 -151.2408750000 -444.0672910000   99.5179440000 -157.2723080000 -236.6412510000   67.2223740000 -198.2112880000 -313.5879820000   73.5818790000 -192.1015780000 -374.0621640000   79.9414670000 -165.8488460000 -217.4500730000   54.0053900000 -201.8818360000 -293.2806700000   60.3648760000 -174.4252930000 -198.2589260000   40.7883870000 
-351.4157410000 -212.8294980000   80.4393540000 -351.7182010000 -138.5213780000   53.7329600000 -342.3875730000  -71.3414920000   27.0265620000 -382.7843020000  -88.1495820000    0.3201760000 -315.7531740000 -158.7702640000   67.2223740000 -331.2865600000 -133.5836180000   40.5159570000 -321.4034730000  -70.1270140000   13.8095670000 -295.3208010000 -153.8328400000   54.0053710000 -310.8541560000 -128.6473240000   27.2989620000 -274.8885500000 -148.8953700000   40.7883680000 
-270.1440430000 -505.3642270000   99.5179060000 -315.3194580000 -402.6644290000   79.9414060000 -334.0111390000 -305.4850160000   60.3648450000 -274.8885500000 -148.8953700000   40.7883680000 -278.9739070000 -394.2276610000   79.9414440000 -296.7280580000 -304.0163880000   60.3648570000 -241.4008330000 -165.3498840000   40.7883720000 -245.2707210000 -282.9963070000   60.3648610000 -207.9130250000 -181.8044280000   40.7883870000 -174.4252930000 -198.2589260000   40.7883870000 
185.5569310000  28.3530240000 630.6313480000 167.2592620000  49.7647290000 503.9780270000 123.8614960000  71.1764220000 362.0817870000  -9.2039550000 112.3064500000 315.3970950000 167.2592620000 -11.9606730000 503.9780270000 123.8614960000   9.4510340000 362.0817870000  12.6022590000  54.5612110000 315.3970950000 123.8614960000 -52.2743760000 362.0817870000  34.4084700000  -3.1840430000 315.3970950000  56.2146840000 -60.9292910000 315.3970950000 
 -38.1763000000 -257.4758000000   21.9167160000  -38.1909680000 -239.0822300000   11.5903110000  -27.5390400000 -202.4762570000    1.2639150000  -15.6697160000 -171.3280180000   -9.0624800000  -32.3736920000 -243.8384550000   17.5655080000  -22.6668320000 -208.1967470000    7.2391310000  -10.7989270000 -177.0484310000   -3.0872680000  -20.4579810000 -215.8237760000   13.2143140000   -5.9267200000 -182.7688900000    2.8879450000   -1.0552600000 -188.4900050000    8.8631610000 
185.5569310000  28.3530240000 630.6313480000 220.6438450000  41.2899210000 418.4865720000 118.2987820000  54.2267070000 174.7592470000 -149.0136720000   16.0602530000   48.6322900000 167.2592620000  49.7647290000 503.9780270000 155.5550380000  62.7015150000 266.4040830000 -67.4574890000  68.6167370000 133.4949950000 123.8614960000  71.1764220000 362.0817870000   0.4856970000 106.9064940000 218.3569790000  -9.2039550000 112.3064500000 315.3970950000 
  -1.0552600000 -188.4900050000    8.8631610000   20.4579320000 -143.5441590000  106.9820180000  63.4905320000 -90.4696040000 205.1009980000  56.2146840000 -60.9292910000 315.3970950000  -20.4579810000 -215.8237760000   13.2143140000    8.9780810000 -147.2693940000  111.3330080000   41.0422820000 -106.4483950000  209.4520110000  -32.3736920000 -243.8384550000   17.5655080000   -7.7627340000 -172.6965030000  115.6840130000  -38.1763000000 -257.4758000000   21.9167160000 
 -60.4102330000 -246.5509490000    0.3202190000  -52.9986270000 -250.1927190000    7.5190490000  -45.5879060000 -253.8340450000   14.7179090000  -38.1763000000 -257.4758000000   21.9167160000  -89.8385160000 -249.6441500000   27.0265940000  -82.4268950000 -253.2858890000   34.2254980000  -75.0166020000 -256.9281310000   41.4243010000 -119.2672120000 -252.7382660000   53.7329940000 -111.8556210000 -256.3800050000   60.9318920000 -148.1477360000 -261.0097660000   80.4393920000 
-405.0182800000  -77.2247010000   21.9166410000 -382.0738220000 -106.0528260000   41.4242520000 -359.1298220000 -134.8796230000   60.9318580000 -351.4157410000 -212.8294980000   80.4393540000 -236.7346500000   70.7595670000  115.6839750000 -225.3932650000   35.7054630000  135.1919710000 -214.0517730000    0.6500740000  154.6989750000 -80.4702150000 123.0657350000 209.4519810000 -78.8098530000  86.2590330000 228.9600070000  -9.2039550000 112.3064500000 315.3970950000 
 -9.2039550000 112.3064500000 315.3970950000 -78.8098530000  86.2590330000 228.9600070000 -214.0517730000    0.6500740000  154.6989750000 -351.4157410000 -212.8294980000   80.4393540000 -174.5894470000   19.8218820000  266.0620120000 -305.9851990000 -131.8832240000  191.8019710000 -368.7312930000 -331.7309880000  117.5419240000 -336.0018920000 -243.9968410000  228.9049380000 -335.5712280000 -417.0071410000  154.6449280000 -282.0065610000 -504.6448970000  191.7468870000 
 56.2146840000 -60.9292910000 315.3970950000  11.5347890000 -84.3849180000 228.9600070000  -90.2720640000 -159.2561800000  154.6990050000 -148.1477360000 -261.0097660000   80.4393920000   41.0422820000 -106.4483950000  209.4520110000  -42.0562210000 -159.2289890000  135.1920170000 -111.8556210000 -256.3800050000   60.9318920000   -7.7627340000 -172.6965030000  115.6840130000  -75.0166020000 -256.9281310000   41.4243010000  -38.1763000000 -257.4758000000   21.9167160000 
-148.1477360000 -261.0097660000   80.4393920000  -90.2720640000 -159.2561800000  154.6990050000  11.5347890000 -84.3849180000 228.9600070000  56.2146840000 -60.9292910000 315.3970950000 -178.2114410000 -324.2259830000  117.5419770000 -141.9571990000 -212.4798430000  191.8019870000  -54.7977680000 -107.5475390000  266.0620420000 -167.6024320000 -378.0169980000  154.6449430000 -175.9109500000 -281.9428710000  228.9049380000 -144.9455870000 -433.9872440000  191.7469480000 
515.9114380000  53.7774010000 532.1370240000 407.3849790000  58.2394980000 284.5340580000 134.1831210000  62.7015000000  60.9540210000 -149.0136720000   16.0602530000   48.6322900000 405.7937320000  45.3026120000 564.9680790000 314.0141300000  49.7647130000 351.5110470000 118.2987820000  54.2267070000 174.7592470000 295.6753540000  36.8278160000 597.8002320000 220.6438450000  41.2899210000 418.4865720000 185.5569310000  28.3530240000 630.6313480000 
 56.2146840000 -60.9292910000 315.3970950000  59.9163440000 -50.4724040000 218.3569950000   3.3253620000 -65.0786670000 133.4949950000 -56.9854810000 -81.7893980000  48.6323090000 123.8614960000 -71.1763760000 362.0817870000 155.5550380000 -62.7014850000 266.4040830000 118.2987820000 -54.2266920000 174.7592470000 167.2592620000 -49.7646750000 503.9780270000 220.6438450000 -41.2898830000 418.4865720000 185.5569310000 -28.3529780000 630.6313480000 
-235.8530580000   62.7835620000   -9.0625130000 -241.2643590000   67.9956590000   -3.0873010000 -246.6755980000   73.2091290000    2.8879100000 -252.0875700000   78.4219280000    8.8631140000 -206.9062960000   47.2087940000   10.1690780000 -212.3180390000   52.4217610000   16.1442830000 -217.7297210000   57.6348340000   22.1194730000 -177.9599610000   31.6345920000   29.4006820000 -183.3718570000   36.8477130000   35.3758810000 -149.0136720000   16.0602530000   48.6322900000 
515.9114380000  53.7774010000 532.1370240000 405.7937320000  45.3026120000 564.9680790000 295.6753540000  36.8278160000 597.8002320000 185.5569310000  28.3530240000 630.6313480000 405.7937320000  26.4006060000 564.9680790000 295.6753540000  17.9258170000 597.8002320000 185.5569310000   9.4510350000 630.6313480000 295.6753540000  -0.9762000000 597.8002320000 185.5569310000  -9.4509850000 630.6313480000 185.5569310000 -28.3529780000 630.6313480000 