-100.1720890000 -160.6925200000   -9.0624870000  -89.7563173333 -129.5161793333   10.1691180000 -79.3405456667 -98.3398386667  29.4007230000 -68.9247740000 -67.1634980000  48.6323280000 -100.5427250000 -168.1973470000   -3.0872780000  -90.1269533333 -137.0210063333   16.1443270000  -79.7111816667 -105.8446656667   35.3759320000 -100.9133610000 -175.7021740000    2.8879310000  -90.4975893333 -144.5258333333   22.1195360000 -101.2839970000 -183.2070010000    8.8631400000 
 94.2086790000  92.5880890000 303.2196040000 -84.9782106667  36.0250776667 266.0621943333 -264.1651003333  -20.5379336667  228.9047846667 -443.3519900000  -77.1009450000  191.7473750000  94.2086790000  30.8626963333 303.2196040000 -84.9782106667 -25.7003150000 266.0621943333 -264.1651003333  -82.2633263333  228.9047846667  94.2086790000 -30.8626963333 303.2196040000 -84.9782106667 -87.4257076667 266.0621943333  94.2086790000 -92.5880890000 303.2196040000 
-197.0674440000   55.9678800000   40.7883990000 -154.3532206667   14.9240873333   43.4030420000 -111.6389973333  -26.1197053333   46.0176850000 -68.9247740000 -67.1634980000  48.6323280000 -197.0674440000   18.6559600000   40.7883990000 -154.3532206667  -22.3878326667   43.4030420000 -111.6389973333  -63.4316253333   46.0176850000 -197.0674440000  -18.6559600000   40.7883990000 -154.3532206667  -59.6997526667   43.4030420000 -197.0674440000  -55.9678800000   40.7883990000 
 94.2086790000 -92.5880890000 303.2196040000   29.0444536667 -122.7943930000  205.1007826667  -36.1197716667 -153.0006970000  106.9819613333 -101.2839970000 -183.2070010000    8.8631400000  39.8308613333 -84.1132253333 218.3571786667  -25.3333640000 -114.3195293333  120.2383573333  -90.4975893333 -144.5258333333   22.1195360000 -14.5469563333 -75.6383616667 133.4947533333  -79.7111816667 -105.8446656667   35.3759320000 -68.9247740000 -67.1634980000  48.6323280000 
-101.2839970000  183.2070010000    8.8631400000 -36.1197716667 153.0006970000 106.9819613333  29.0444536667 122.7943930000 205.1007826667  94.2086790000  92.5880890000 303.2196040000 -90.4975893333 144.5258333333  22.1195360000 -25.3333640000 114.3195293333 120.2383573333  39.8308613333  84.1132253333 218.3571786667 -79.7111816667 105.8446656667  35.3759320000 -14.5469563333  75.6383616667 133.4947533333 -68.9247740000  67.1634980000  48.6323280000 
-197.0674440000   55.9678800000   40.7883990000 -164.7689923333   90.8760933333   24.1714370000 -132.4705406667  125.7843066667    7.5544750000 -100.1720890000  160.6925200000   -9.0624870000 -154.3532206667   59.6997526667   43.4030420000 -122.0547690000   94.6079660000   26.7860800000 -89.7563173333 129.5161793333  10.1691180000 -111.6389973333   63.4316253333   46.0176850000 -79.3405456667  98.3398386667  29.4007230000 -68.9247740000  67.1634980000  48.6323280000 
-68.9247740000  67.1634980000  48.6323280000 111.0196840000  26.8498536667  29.7921283333 290.9641420000 -13.4637906667  10.9519286667 470.9086000000 -53.7774350000  -7.8882710000 -68.9247740000  22.3878326667  48.6323280000 111.0196840000 -17.9258116667  29.7921283333 290.9641420000 -58.2394560000  10.9519286667 -68.9247740000 -22.3878326667  48.6323280000 111.0196840000 -62.7014770000  29.7921283333 -68.9247740000 -67.1634980000  48.6323280000 
-443.3519900000   77.1009450000  191.7473750000 -374.6988730000   86.2173566667  154.6447293333 -306.0457560000   95.3337683333  117.5420836667 -237.3926390000  104.4501800000   80.4394380000 -445.3768413333   73.6961646667  161.0042516667 -376.7237243333   82.8125763333  123.9016060000 -308.0706073333   91.9289880000   86.7989603333 -447.4016926667   70.2913843333  130.2611283333 -378.7485756667   79.4077960000   93.1584826667 -449.4265440000   66.8866040000   99.5180050000 
-443.3519900000   77.1009450000  191.7473750000 -445.3768413333   73.6961646667  161.0042516667 -447.4016926667   70.2913843333  130.2611283333 -449.4265440000   66.8866040000   99.5180050000 -445.3768413333   29.1050953333  161.0042516667 -447.4016926667   25.7003150000  130.2611283333 -449.4265440000   22.2955346667   99.5180050000 -447.4016926667  -18.8907543333  130.2611283333 -449.4265440000  -22.2955346667   99.5180050000 -449.4265440000  -66.8866040000   99.5180050000 
-443.3519900000  -77.1009450000  191.7473750000 -443.3519900000  -25.7003150000  191.7473750000 -443.3519900000   25.7003150000  191.7473750000 -443.3519900000   77.1009450000  191.7473750000 -445.3768413333  -73.6961646667  161.0042516667 -445.3768413333  -22.2955346667  161.0042516667 -445.3768413333   29.1050953333  161.0042516667 -447.4016926667  -70.2913843333  130.2611283333 -447.4016926667  -18.8907543333  130.2611283333 -449.4265440000  -66.8866040000   99.5180050000 
-197.0674440000  -55.9678800000   40.7883990000 -164.7689923333  -90.8760933333   24.1714370000 -132.4705406667 -125.7843066667    7.5544750000 -100.1720890000 -160.6925200000   -9.0624870000 -194.7545523333  -97.1767373333   27.2990043333 -162.4561006667 -132.0849506667   10.6820423333 -130.1576490000 -166.9931640000   -5.9349196667 -192.4416606667 -138.3855946667   13.8096096667 -160.1432090000 -173.2938080000   -2.8073523333 -190.1287690000 -179.5944520000    0.3202150000 
-443.3519900000  -77.1009450000  191.7473750000 -445.3768413333  -73.6961646667  161.0042516667 -447.4016926667  -70.2913843333  130.2611283333 -449.4265440000  -66.8866040000   99.5180050000 -374.6988730000  -86.2173566667  154.6447293333 -376.7237243333  -82.8125763333  123.9016060000 -378.7485756667  -79.4077960000   93.1584826667 -306.0457560000  -95.3337683333  117.5420836667 -308.0706073333  -91.9289880000   86.7989603333 -237.3926390000 -104.4501800000   80.4394380000 
470.9086000000  53.7774350000  -7.8882710000 491.4261680000  26.4006090000 105.1733730000 511.9437360000  -0.9762170000 218.2350170000 532.4613040000 -28.3530430000 331.2966610000 470.9086000000  17.9258116667  -7.8882710000 491.4261680000  -9.4510143333 105.1733730000 511.9437360000 -36.8278403333 218.2350170000 470.9086000000 -17.9258116667  -7.8882710000 491.4261680000 -45.3026376667 105.1733730000 470.9086000000 -53.7774350000  -7.8882710000 
-190.1287690000  179.5944520000    0.3202150000 -160.5138450000  180.7986350000    3.1678566667 -130.8989210000  182.0028180000    6.0154983333 -101.2839970000  183.2070010000    8.8631400000 -160.1432090000  173.2938080000   -2.8073523333 -130.5282850000  174.4979910000    0.0402893333 -100.9133610000  175.7021740000    2.8879310000 -130.1576490000  166.9931640000   -5.9349196667 -100.5427250000  168.1973470000   -3.0872780000 -100.1720890000  160.6925200000   -9.0624870000 
-237.3926390000  104.4501800000   80.4394380000 -221.6380920000  137.7557880000   60.9318586667 -205.8835450000  171.0613960000   41.4242793333 -190.1289980000  204.3670040000   21.9167000000 -221.6380156667  129.4982706667   53.7330303333 -205.8834686667  162.8038786667   34.2254510000 -190.1289216667  196.1094866667   14.7178716667 -205.8833923333  154.5463613333   27.0266226667 -190.1288453333  187.8519693333    7.5190433333 -190.1287690000  179.5944520000    0.3202150000 
470.9086000000 -53.7774350000  -7.8882710000 491.4261680000 -45.3026376667 105.1733730000 511.9437360000 -36.8278403333 218.2350170000 532.4613040000 -28.3530430000 331.2966610000 290.9641420000 -58.2394560000  10.9519286667 311.4817100000 -49.7646586667 124.0135726667 331.9992780000 -41.2898613333 237.0752166667 111.0196840000 -62.7014770000  29.7921283333 131.5372520000 -54.2266796667 142.8537723333 -68.9247740000 -67.1634980000  48.6323280000 
-190.1289980000  204.3670040000   21.9167000000 -95.3497723333 167.1073656667 115.6843346667  -0.5705466667 129.8477273333 209.4519693333  94.2086790000  92.5880890000 303.2196040000 -160.5139976667  197.3136696667   17.5655133333 -65.7347720000 160.0540313333 111.3331480000  29.0444536667 122.7943930000 205.1007826667 -130.8989973333  190.2603353333   13.2143266667 -36.1197716667 153.0006970000 106.9819613333 -101.2839970000  183.2070010000    8.8631400000 
-237.3926390000 -104.4501800000   80.4394380000 -223.9509073333  -88.2894133333   67.2224250000 -210.5091756667  -72.1286466667   54.0054120000 -197.0674440000  -55.9678800000   40.7883990000 -221.6380156667 -129.4982706667   53.7330303333 -208.1962840000 -113.3375040000   40.5160173333 -194.7545523333  -97.1767373333   27.2990043333 -205.8833923333 -154.5463613333   27.0266226667 -192.4416606667 -138.3855946667   13.8096096667 -190.1287690000 -179.5944520000    0.3202150000 
-237.3926390000  104.4501800000   80.4394380000 -223.9509073333   88.2894133333   67.2224250000 -210.5091756667   72.1286466667   54.0054120000 -197.0674440000   55.9678800000   40.7883990000 -308.0706073333   91.9289880000   86.7989603333 -294.6288756667   75.7682213333   73.5819473333 -281.1871440000   59.6074546667   60.3649343333 -378.7485756667   79.4077960000   93.1584826667 -365.3068440000   63.2470293333   79.9414696667 -449.4265440000   66.8866040000   99.5180050000 
-449.4265440000   66.8866040000   99.5180050000 -365.3068440000   25.9351093333   79.9414696667 -281.1871440000  -15.0163853333   60.3649343333 -197.0674440000  -55.9678800000   40.7883990000 -449.4265440000   22.2955346667   99.5180050000 -365.3068440000  -18.6559600000   79.9414696667 -281.1871440000  -59.6074546667   60.3649343333 -449.4265440000  -22.2955346667   99.5180050000 -365.3068440000  -63.2470293333   79.9414696667 -449.4265440000  -66.8866040000   99.5180050000 
532.4613040000  28.3530430000 331.2966610000 386.3770956667 -11.9606676667 321.9376420000 240.2928873333 -52.2743783333 312.5786230000  94.2086790000 -92.5880890000 303.2196040000 532.4613040000   9.4510143333 331.2966610000 386.3770956667 -30.8626963333 321.9376420000 240.2928873333 -71.1764070000 312.5786230000 532.4613040000  -9.4510143333 331.2966610000 386.3770956667 -49.7647250000 321.9376420000 532.4613040000 -28.3530430000 331.2966610000 
 94.2086790000  92.5880890000 303.2196040000 -84.9782106667  87.4257076667 266.0621943333 -264.1651003333   82.2633263333  228.9047846667 -443.3519900000   77.1009450000  191.7473750000 -84.9782106667  36.0250776667 266.0621943333 -264.1651003333   30.8626963333  228.9047846667 -443.3519900000   25.7003150000  191.7473750000 -264.1651003333  -20.5379336667  228.9047846667 -443.3519900000  -25.7003150000  191.7473750000 -443.3519900000  -77.1009450000  191.7473750000 
-197.0674440000   55.9678800000   40.7883990000 -154.3532206667   59.6997526667   43.4030420000 -111.6389973333   63.4316253333   46.0176850000 -68.9247740000  67.1634980000  48.6323280000 -154.3532206667   14.9240873333   43.4030420000 -111.6389973333   18.6559600000   46.0176850000 -68.9247740000  22.3878326667  48.6323280000 -111.6389973333  -26.1197053333   46.0176850000 -68.9247740000 -22.3878326667  48.6323280000 -68.9247740000 -67.1634980000  48.6323280000 
-197.0674440000   55.9678800000   40.7883990000 -194.7545523333   97.1767373333   27.2990043333 -192.4416606667  138.3855946667   13.8096096667 -190.1287690000  179.5944520000    0.3202150000 -164.7689923333   90.8760933333   24.1714370000 -162.4561006667  132.0849506667   10.6820423333 -160.1432090000  173.2938080000   -2.8073523333 -132.4705406667  125.7843066667    7.5544750000 -130.1576490000  166.9931640000   -5.9349196667 -100.1720890000  160.6925200000   -9.0624870000 
-68.9247740000  67.1634980000  48.6323280000 111.0196840000  62.7014770000  29.7921283333 290.9641420000  58.2394560000  10.9519286667 470.9086000000  53.7774350000  -7.8882710000 111.0196840000  26.8498536667  29.7921283333 290.9641420000  22.3878326667  10.9519286667 470.9086000000  17.9258116667  -7.8882710000 290.9641420000 -13.4637906667  10.9519286667 470.9086000000 -17.9258116667  -7.8882710000 470.9086000000 -53.7774350000  -7.8882710000 
-197.0674440000  -55.9678800000   40.7883990000 -154.3532206667  -59.6997526667   43.4030420000 -111.6389973333  -63.4316253333   46.0176850000 -68.9247740000 -67.1634980000  48.6323280000 -164.7689923333  -90.8760933333   24.1714370000 -122.0547690000  -94.6079660000   26.7860800000 -79.3405456667 -98.3398386667  29.4007230000 -132.4705406667 -125.7843066667    7.5544750000  -89.7563173333 -129.5161793333   10.1691180000 -100.1720890000 -160.6925200000   -9.0624870000 
-190.1289980000 -204.3670040000   21.9167000000 -190.1289216667 -196.1094866667   14.7178716667 -190.1288453333 -187.8519693333    7.5190433333 -190.1287690000 -179.5944520000    0.3202150000 -160.1433616667 -189.8088426667   11.5903043333 -160.1432853333 -181.5513253333    4.3914760000 -160.1432090000 -173.2938080000   -2.8073523333 -130.1577253333 -175.2506813333    1.2639086667 -130.1576490000 -166.9931640000   -5.9349196667 -100.1720890000 -160.6925200000   -9.0624870000 
-190.1287690000  179.5944520000    0.3202150000 -190.1288453333  187.8519693333    7.5190433333 -190.1289216667  196.1094866667   14.7178716667 -190.1289980000  204.3670040000   21.9167000000 -160.5138450000  180.7986350000    3.1678566667 -160.5139213333  189.0561523333   10.3666850000 -160.5139976667  197.3136696667   17.5655133333 -130.8989210000  182.0028180000    6.0154983333 -130.8989973333  190.2603353333   13.2143266667 -101.2839970000  183.2070010000    8.8631400000 
-237.3926390000 -104.4501800000   80.4394380000 -308.0706073333  -91.9289880000   86.7989603333 -378.7485756667  -79.4077960000   93.1584826667 -449.4265440000  -66.8866040000   99.5180050000 -223.9509073333  -88.2894133333   67.2224250000 -294.6288756667  -75.7682213333   73.5819473333 -365.3068440000  -63.2470293333   79.9414696667 -210.5091756667  -72.1286466667   54.0054120000 -281.1871440000  -59.6074546667   60.3649343333 -197.0674440000  -55.9678800000   40.7883990000 
-237.3926390000  104.4501800000   80.4394380000 -221.6380156667  129.4982706667   53.7330303333 -205.8833923333  154.5463613333   27.0266226667 -190.1287690000  179.5944520000    0.3202150000 -223.9509073333   88.2894133333   67.2224250000 -208.1962840000  113.3375040000   40.5160173333 -192.4416606667  138.3855946667   13.8096096667 -210.5091756667   72.1286466667   54.0054120000 -194.7545523333   97.1767373333   27.2990043333 -197.0674440000   55.9678800000   40.7883990000 
-449.4265440000   66.8866040000   99.5180050000 -365.3068440000   63.2470293333   79.9414696667 -281.1871440000   59.6074546667   60.3649343333 -197.0674440000   55.9678800000   40.7883990000 -365.3068440000   25.9351093333   79.9414696667 -281.1871440000   22.2955346667   60.3649343333 -197.0674440000   18.6559600000   40.7883990000 -281.1871440000  -15.0163853333   60.3649343333 -197.0674440000  -18.6559600000   40.7883990000 -197.0674440000  -55.9678800000   40.7883990000 
532.4613040000  28.3530430000 331.2966610000 386.3770956667  49.7647250000 321.9376420000 240.2928873333  71.1764070000 312.5786230000  94.2086790000  92.5880890000 303.2196040000 386.3770956667 -11.9606676667 321.9376420000 240.2928873333   9.4510143333 312.5786230000  94.2086790000  30.8626963333 303.2196040000 240.2928873333 -52.2743783333 312.5786230000  94.2086790000 -30.8626963333 303.2196040000  94.2086790000 -92.5880890000 303.2196040000 
-190.1289980000 -204.3670040000   21.9167000000 -160.1433616667 -189.8088426667   11.5903043333 -130.1577253333 -175.2506813333    1.2639086667 -100.1720890000 -160.6925200000   -9.0624870000 -160.5139976667 -197.3136696667   17.5655133333 -130.5283613333 -182.7555083333    7.2391176667 -100.5427250000 -168.1973470000   -3.0872780000 -130.8989973333 -190.2603353333   13.2143266667 -100.9133610000 -175.7021740000    2.8879310000 -101.2839970000 -183.2070010000    8.8631400000 
532.4613040000  28.3530430000 331.2966610000 331.9992780000  41.2898613333 237.0752166667 131.5372520000  54.2266796667 142.8537723333 -68.9247740000  67.1634980000  48.6323280000 386.3770956667  49.7647250000 321.9376420000 185.9150696667  62.7015433333 227.7161976667 -14.5469563333  75.6383616667 133.4947533333 240.2928873333  71.1764070000 312.5786230000  39.8308613333  84.1132253333 218.3571786667  94.2086790000  92.5880890000 303.2196040000 
-101.2839970000 -183.2070010000    8.8631400000  -36.1197716667 -153.0006970000  106.9819613333   29.0444536667 -122.7943930000  205.1007826667  94.2086790000 -92.5880890000 303.2196040000 -130.8989973333 -190.2603353333   13.2143266667  -65.7347720000 -160.0540313333  111.3331480000   -0.5705466667 -129.8477273333  209.4519693333 -160.5139976667 -197.3136696667   17.5655133333  -95.3497723333 -167.1073656667  115.6843346667 -190.1289980000 -204.3670040000   21.9167000000 
-190.1287690000 -179.5944520000    0.3202150000 -190.1288453333 -187.8519693333    7.5190433333 -190.1289216667 -196.1094866667   14.7178716667 -190.1289980000 -204.3670040000   21.9167000000 -205.8833923333 -154.5463613333   27.0266226667 -205.8834686667 -162.8038786667   34.2254510000 -205.8835450000 -171.0613960000   41.4242793333 -221.6380156667 -129.4982706667   53.7330303333 -221.6380920000 -137.7557880000   60.9318586667 -237.3926390000 -104.4501800000   80.4394380000 
-190.1289980000  204.3670040000   21.9167000000 -205.8835450000  171.0613960000   41.4242793333 -221.6380920000  137.7557880000   60.9318586667 -237.3926390000  104.4501800000   80.4394380000 -95.3497723333 167.1073656667 115.6843346667 -111.1043193333  133.8017576667  135.1919140000 -126.8588663333  100.4961496667  154.6994933333  -0.5705466667 129.8477273333 209.4519693333 -16.3250936667  96.5421193333 228.9595486667  94.2086790000  92.5880890000 303.2196040000 
 94.2086790000  92.5880890000 303.2196040000 -16.3250936667  96.5421193333 228.9595486667 -126.8588663333  100.4961496667  154.6994933333 -237.3926390000  104.4501800000   80.4394380000 -84.9782106667  87.4257076667 266.0621943333 -195.5119833333   91.3797380000  191.8021390000 -306.0457560000   95.3337683333  117.5420836667 -264.1651003333   82.2633263333  228.9047846667 -374.6988730000   86.2173566667  154.6447293333 -443.3519900000   77.1009450000  191.7473750000 
 94.2086790000 -92.5880890000 303.2196040000 -16.3250936667 -96.5421193333 228.9595486667 -126.8588663333 -100.4961496667  154.6994933333 -237.3926390000 -104.4501800000   80.4394380000   -0.5705466667 -129.8477273333  209.4519693333 -111.1043193333 -133.8017576667  135.1919140000 -221.6380920000 -137.7557880000   60.9318586667  -95.3497723333 -167.1073656667  115.6843346667 -205.8835450000 -171.0613960000   41.4242793333 -190.1289980000 -204.3670040000   21.9167000000 
-237.3926390000 -104.4501800000   80.4394380000 -126.8588663333 -100.4961496667  154.6994933333 -16.3250936667 -96.5421193333 228.9595486667  94.2086790000 -92.5880890000 303.2196040000 -306.0457560000  -95.3337683333  117.5420836667 -195.5119833333  -91.3797380000  191.8021390000 -84.9782106667 -87.4257076667 266.0621943333 -374.6988730000  -86.2173566667  154.6447293333 -264.1651003333  -82.2633263333  228.9047846667 -443.3519900000  -77.1009450000  191.7473750000 
470.9086000000  53.7774350000  -7.8882710000 290.9641420000  58.2394560000  10.9519286667 111.0196840000  62.7014770000  29.7921283333 -68.9247740000  67.1634980000  48.6323280000 491.4261680000  45.3026376667 105.1733730000 311.4817100000  49.7646586667 124.0135726667 131.5372520000  54.2266796667 142.8537723333 511.9437360000  36.8278403333 218.2350170000 331.9992780000  41.2898613333 237.0752166667 532.4613040000  28.3530430000 331.2966610000 
 94.2086790000 -92.5880890000 303.2196040000  39.8308613333 -84.1132253333 218.3571786667 -14.5469563333 -75.6383616667 133.4947533333 -68.9247740000 -67.1634980000  48.6323280000 240.2928873333 -71.1764070000 312.5786230000 185.9150696667 -62.7015433333 227.7161976667 131.5372520000 -54.2266796667 142.8537723333 386.3770956667 -49.7647250000 321.9376420000 331.9992780000 -41.2898613333 237.0752166667 532.4613040000 -28.3530430000 331.2966610000 
-100.1720890000  160.6925200000   -9.0624870000 -100.5427250000  168.1973470000   -3.0872780000 -100.9133610000  175.7021740000    2.8879310000 -101.2839970000  183.2070010000    8.8631400000 -89.7563173333 129.5161793333  10.1691180000 -90.1269533333 137.0210063333  16.1443270000 -90.4975893333 144.5258333333  22.1195360000 -79.3405456667  98.3398386667  29.4007230000 -79.7111816667 105.8446656667  35.3759320000 -68.9247740000  67.1634980000  48.6323280000 
470.9086000000  53.7774350000  -7.8882710000 491.4261680000  45.3026376667 105.1733730000 511.9437360000  36.8278403333 218.2350170000 532.4613040000  28.3530430000 331.2966610000 491.4261680000  26.4006090000 105.1733730000 511.9437360000  17.9258116667 218.2350170000 532.4613040000   9.4510143333 331.2966610000 511.9437360000  -0.9762170000 218.2350170000 532.4613040000  -9.4510143333 331.2966610000 532.4613040000 -28.3530430000 331.2966610000 
