0.0076790000 1.1892150000 0.3404260000 0.0758110000 0.3278100000 0.1352840000  0.1439430000 -0.5335950000 -0.0698580000  0.2120750000 -1.3950000000 -0.2750000000 0.0758110000 0.3278100000 0.4052840000  0.1439430000 -0.5335950000  0.2001420000  0.2120750000 -1.3950000000 -0.0050000000  0.1439430000 -0.5335950000  0.4701420000  0.2120750000 -1.3950000000  0.2650000000  0.2120750000 -1.3950000000  0.5350000000 
 0.2120750000 -1.3950000000 -0.2750000000  0.4174036667 -0.5336080000 -0.3395790000  0.6227323333  0.3277840000 -0.4041580000  0.8280610000  1.1891760000 -0.4687370000  0.4506916667 -1.3950000000 -0.2750000000  0.6560203333 -0.5336080000 -0.3395790000  0.8613490000  0.3277840000 -0.4041580000  0.6893083333 -1.3950000000 -0.2750000000  0.8946370000 -0.5336080000 -0.3395790000  0.9279250000 -1.3950000000 -0.2750000000 
 0.9279250000 -1.3950000000 -0.2750000000  0.8946370000 -0.5341653333 -0.0701366667 0.8613490000 0.3266693333 0.1347266667 0.8280610000 1.1875040000 0.3395900000  0.9279250000 -1.3950000000 -0.0050000000  0.8946370000 -0.5341653333  0.1998633333 0.8613490000 0.3266693333 0.4047266667  0.9279250000 -1.3950000000  0.2650000000  0.8946370000 -0.5341653333  0.4698633333  0.9279250000 -1.3950000000  0.5350000000 
0.8280610000 1.1875040000 0.3395900000 0.6227323333 0.3266693333 0.4047266667  0.4174036667 -0.5341653333  0.4698633333  0.2120750000 -1.3950000000  0.5350000000 0.8613490000 0.3266693333 0.4047266667  0.6560203333 -0.5341653333  0.4698633333  0.4506916667 -1.3950000000  0.5350000000  0.8946370000 -0.5341653333  0.4698633333  0.6893083333 -1.3950000000  0.5350000000  0.9279250000 -1.3950000000  0.5350000000 
 0.9279250000 -1.3950000000 -0.2750000000  0.6893083333 -1.3950000000 -0.0050000000  0.4506916667 -1.3950000000  0.2650000000  0.2120750000 -1.3950000000  0.5350000000  0.6893083333 -1.3950000000 -0.2750000000  0.4506916667 -1.3950000000 -0.0050000000  0.2120750000 -1.3950000000  0.2650000000  0.4506916667 -1.3950000000 -0.2750000000  0.2120750000 -1.3950000000 -0.0050000000  0.2120750000 -1.3950000000 -0.2750000000 
-0.8127030000  1.1909260000  0.3412630000 -0.8446043333  0.3289506667  0.1358420000 -0.8765056667 -0.5330246667 -0.0695790000 -0.9084070000 -1.3950000000 -0.2750000000 -0.8446043333  0.3289506667  0.4058420000 -0.8765056667 -0.5330246667  0.2004210000 -0.9084070000 -1.3950000000 -0.0050000000 -0.8765056667 -0.5330246667  0.4704210000 -0.9084070000 -1.3950000000  0.2650000000 -0.9084070000 -1.3950000000  0.5350000000 
-0.8127030000  1.1909260000 -0.4687370000 -0.6059876667  0.3289506667 -0.4041580000 -0.3992723333 -0.5330246667 -0.3395790000 -0.1925570000 -1.3950000000 -0.2750000000 -0.8446043333  0.3289506667 -0.4041580000 -0.6378890000 -0.5330246667 -0.3395790000 -0.4311736667 -1.3950000000 -0.2750000000 -0.8765056667 -0.5330246667 -0.3395790000 -0.6697903333 -1.3950000000 -0.2750000000 -0.9084070000 -1.3950000000 -0.2750000000 
-0.1925570000 -1.3950000000 -0.2750000000 -0.1258116667 -0.5335950000 -0.0698580000 -0.0590663333  0.3278100000  0.1352840000 0.0076790000 1.1892150000 0.3404260000 -0.1910863333 -1.3925266667 -0.0056596667 -0.1243410000 -0.5311216667  0.1994823333 -0.0575956667  0.3302833333  0.4046243333 -0.1896156667 -1.3900533333  0.2636806667 -0.1228703333 -0.5286483333  0.4688226667 -0.1881450000 -1.3875800000  0.5330210000 
-0.1881450000 -1.3875800000  0.5330210000 -0.3963310000 -0.5280780000  0.4691016667 -0.6045170000  0.3314240000  0.4051823333 -0.8127030000  1.1909260000  0.3412630000 -0.4282323333 -1.3900533333  0.5336806667 -0.6364183333 -0.5305513333  0.4697613333 -0.8446043333  0.3289506667  0.4058420000 -0.6683196667 -1.3925266667  0.5343403333 -0.8765056667 -0.5330246667  0.4704210000 -0.9084070000 -1.3950000000  0.5350000000 
-0.1925570000 -1.3950000000 -0.2750000000 -0.4311736667 -1.3950000000 -0.0050000000 -0.6697903333 -1.3950000000  0.2650000000 -0.9084070000 -1.3950000000  0.5350000000 -0.4311736667 -1.3950000000 -0.2750000000 -0.6697903333 -1.3950000000 -0.0050000000 -0.9084070000 -1.3950000000  0.2650000000 -0.6697903333 -1.3950000000 -0.2750000000 -0.9084070000 -1.3950000000 -0.0050000000 -0.9084070000 -1.3950000000 -0.2750000000 
 0.0856650000  0.0990730000 -1.5725230000  0.1278016667 -0.3989513333 -1.7559806667  0.1699383333 -0.8969756667 -1.9394383333  0.2120750000 -1.3950000000 -2.1228960000  0.1278016667 -0.3989513333 -1.4859806667  0.1699383333 -0.8969756667 -1.6694383333  0.2120750000 -1.3950000000 -1.8528960000  0.1699383333 -0.8969756667 -1.3994383333  0.2120750000 -1.3950000000 -1.5828960000  0.2120750000 -1.3950000000 -1.3128960000 
 0.2120750000 -1.3950000000 -2.1228960000  0.4262516667 -0.8076246667 -2.2716643333  0.6404283333 -0.2202493333 -2.4204326667  0.8546050000  0.3671260000 -2.5692010000  0.4506916667 -1.3950000000 -2.1228960000  0.6648683333 -0.8076246667 -2.2716643333  0.8790450000 -0.2202493333 -2.4204326667  0.6893083333 -1.3950000000 -2.1228960000  0.9034850000 -0.8076246667 -2.2716643333  0.9279250000 -1.3950000000 -2.1228960000 
 0.9279250000 -1.3950000000 -2.1228960000  0.9034850000 -0.8969756667 -1.9394383333  0.8790450000 -0.3989513333 -1.7559806667  0.8546050000  0.0990730000 -1.5725230000  0.9279250000 -1.3950000000 -1.8528960000  0.9034850000 -0.8969756667 -1.6694383333  0.8790450000 -0.3989513333 -1.4859806667  0.9279250000 -1.3950000000 -1.5828960000  0.9034850000 -0.8969756667 -1.3994383333  0.9279250000 -1.3950000000 -1.3128960000 
 0.8546050000  0.0990730000 -1.5725230000  0.6404283333 -0.3989513333 -1.4859806667  0.4262516667 -0.8969756667 -1.3994383333  0.2120750000 -1.3950000000 -1.3128960000  0.8790450000 -0.3989513333 -1.4859806667  0.6648683333 -0.8969756667 -1.3994383333  0.4506916667 -1.3950000000 -1.3128960000  0.9034850000 -0.8969756667 -1.3994383333  0.6893083333 -1.3950000000 -1.3128960000  0.9279250000 -1.3950000000 -1.3128960000 
 0.9279250000 -1.3950000000 -2.1228960000  0.6893083333 -1.3950000000 -1.8528960000  0.4506916667 -1.3950000000 -1.5828960000  0.2120750000 -1.3950000000 -1.3128960000  0.6893083333 -1.3950000000 -2.1228960000  0.4506916667 -1.3950000000 -1.8528960000  0.2120750000 -1.3950000000 -1.5828960000  0.4506916667 -1.3950000000 -2.1228960000  0.2120750000 -1.3950000000 -1.8528960000  0.2120750000 -1.3950000000 -2.1228960000 
-0.8213340000  0.0917160000 -1.5778440000 -0.8503583333 -0.4038560000 -1.7595280000 -0.8793826667 -0.8994280000 -1.9412120000 -0.9084070000 -1.3950000000 -2.1228960000 -0.8503583333 -0.4038560000 -1.4895280000 -0.8793826667 -0.8994280000 -1.6712120000 -0.9084070000 -1.3950000000 -1.8528960000 -0.8793826667 -0.8994280000 -1.4012120000 -0.9084070000 -1.3950000000 -1.5828960000 -0.9084070000 -1.3950000000 -1.3128960000 
-0.8213340000  0.3621780000 -2.5724210000 -0.6117416667 -0.2235480000 -2.4225793333 -0.4021493333 -0.8092740000 -2.2727376667 -0.1925570000 -1.3950000000 -2.1228960000 -0.8503583333 -0.2235480000 -2.4225793333 -0.6407660000 -0.8092740000 -2.2727376667 -0.4311736667 -1.3950000000 -2.1228960000 -0.8793826667 -0.8092740000 -2.2727376667 -0.6697903333 -1.3950000000 -2.1228960000 -0.9084070000 -1.3950000000 -2.1228960000 
-0.1925570000 -1.3950000000 -2.1228960000 -0.1585140000 -0.8994280000 -1.9412120000 -0.1244710000 -0.4038560000 -1.7595280000 -0.0904280000  0.0917160000 -1.5778440000 -0.1925570000 -1.3950000000 -1.8528960000 -0.1585140000 -0.8994280000 -1.6712120000 -0.1244710000 -0.4038560000 -1.4895280000 -0.1925570000 -1.3950000000 -1.5828960000 -0.1585140000 -0.8994280000 -1.4012120000 -0.1925570000 -1.3950000000 -1.3128960000 
-0.1925570000 -1.3950000000 -1.3128960000 -0.4021493333 -0.8994280000 -1.4012120000 -0.6117416667 -0.4038560000 -1.4895280000 -0.8213340000  0.0917160000 -1.5778440000 -0.4311736667 -1.3950000000 -1.3128960000 -0.6407660000 -0.8994280000 -1.4012120000 -0.8503583333 -0.4038560000 -1.4895280000 -0.6697903333 -1.3950000000 -1.3128960000 -0.8793826667 -0.8994280000 -1.4012120000 -0.9084070000 -1.3950000000 -1.3128960000 
-0.1925570000 -1.3950000000 -2.1228960000 -0.4311736667 -1.3950000000 -1.8528960000 -0.6697903333 -1.3950000000 -1.5828960000 -0.9084070000 -1.3950000000 -1.3128960000 -0.4311736667 -1.3950000000 -2.1228960000 -0.6697903333 -1.3950000000 -1.8528960000 -0.9084070000 -1.3950000000 -1.5828960000 -0.6697903333 -1.3950000000 -2.1228960000 -0.9084070000 -1.3950000000 -1.8528960000 -0.9084070000 -1.3950000000 -2.1228960000 
 0.0856650000  0.3671260000 -2.5692010000  0.3419783333  0.6367606667 -2.5212660000  0.5982916667  0.9063953333 -2.4733310000  0.8546050000  1.1760300000 -2.4253960000  0.3419783333  0.3671260000 -2.5692010000  0.5982916667  0.6367606667 -2.5212660000  0.8546050000  0.9063953333 -2.4733310000  0.5982916667  0.3671260000 -2.5692010000  0.8546050000  0.6367606667 -2.5212660000  0.8546050000  0.3671260000 -2.5692010000 
-0.0904280000  0.3621780000 -2.5724210000 -0.3340633333  0.6318126667 -2.5244860000 -0.5776986667  0.9014473333 -2.4765510000 -0.8213340000  1.1710820000 -2.4286160000 -0.0610793333  0.6326373333 -2.5239493333 -0.3047146667  0.9022720000 -2.4760143333 -0.5483500000  1.1719066667 -2.4280793333 -0.0317306667  0.9030966667 -2.4754776667 -0.2753660000  1.1727313333 -2.4275426667 -0.0023820000  1.1735560000 -2.4270060000 
-0.0904280000  0.0917160000 -1.5778440000 -0.3340633333  0.4479000000 -1.4979523333 -0.5776986667  0.8040840000 -1.4180606667 -0.8213340000  1.1602680000 -1.3381690000 -0.3340633333  0.0917160000 -1.5778440000 -0.5776986667  0.4479000000 -1.4979523333 -0.8213340000  0.8040840000 -1.4180606667 -0.5776986667  0.0917160000 -1.5778440000 -0.8213340000  0.4479000000 -1.4979523333 -0.8213340000  0.0917160000 -1.5778440000 
 0.8546050000  1.1676250000 -1.3328480000  0.5982916667  0.8114410000 -1.4127396667  0.3419783333  0.4552570000 -1.4926313333  0.0856650000  0.0990730000 -1.5725230000  0.8546050000  0.8114410000 -1.4127396667  0.5982916667  0.4552570000 -1.4926313333  0.3419783333  0.0990730000 -1.5725230000  0.8546050000  0.4552570000 -1.4926313333  0.5982916667  0.0990730000 -1.5725230000  0.8546050000  0.0990730000 -1.5725230000 
 0.8546050000  0.0990730000 -1.5725230000  0.8546050000  0.4580586667 -1.8568140000  0.8546050000  0.8170443333 -2.1411050000  0.8546050000  1.1760300000 -2.4253960000  0.8546050000  0.4552570000 -1.4926313333  0.8546050000  0.8142426667 -1.7769223333  0.8546050000  1.1732283333 -2.0612133333  0.8546050000  0.8114410000 -1.4127396667  0.8546050000  1.1704266667 -1.6970306667  0.8546050000  1.1676250000 -1.3328480000 
 0.0856650000  0.0990730000 -1.5725230000  0.0563160000  0.4572340000 -1.8573506667  0.0269670000  0.8153950000 -2.1421783333 -0.0023820000  1.1735560000 -2.4270060000  0.0856650000  0.1884240000 -1.9047490000  0.0563160000  0.5465850000 -2.1895766667  0.0269670000  0.9047460000 -2.4744043333  0.0856650000  0.2777750000 -2.2369750000  0.0563160000  0.6359360000 -2.5218026667  0.0856650000  0.3671260000 -2.5692010000 
-0.0904280000  0.0917160000 -1.5778440000 -0.0610793333  0.4523293333 -1.8608980000 -0.0317306667  0.8129426667 -2.1439520000 -0.0023820000  1.1735560000 -2.4270060000 -0.0610793333  0.4491260000 -1.4970653333 -0.0317306667  0.8097393333 -1.7801193333 -0.0023820000  1.1703526667 -2.0631733333 -0.0317306667  0.8065360000 -1.4162866667 -0.0023820000  1.1671493333 -1.6993406667 -0.0023820000  1.1639460000 -1.3355080000 
-0.8213340000  0.0917160000 -1.5778440000 -0.8213340000  0.4515046667 -1.8614346667 -0.8213340000  0.8112933333 -2.1450253333 -0.8213340000  1.1710820000 -2.4286160000 -0.8213340000  0.1818700000 -1.9093696667 -0.8213340000  0.5416586667 -2.1929603333 -0.8213340000  0.9014473333 -2.4765510000 -0.8213340000  0.2720240000 -2.2408953333 -0.8213340000  0.6318126667 -2.5244860000 -0.8213340000  0.3621780000 -2.5724210000 
 0.8280610000  1.1891760000 -0.4687370000  0.5512466667  1.1807660000 -0.7576606667  0.2744323333  1.1723560000 -1.0465843333 -0.0023820000  1.1639460000 -1.3355080000  0.8369090000  1.1819923333 -0.7567740000  0.5600946667  1.1735823333 -1.0456976667  0.2832803333  1.1651723333 -1.3346213333  0.8457570000  1.1748086667 -1.0448110000  0.5689426667  1.1663986667 -1.3337346667  0.8546050000  1.1676250000 -1.3328480000 
-0.0023820000  1.1639460000 -1.3355080000 -0.2724890000  1.1729393333 -1.0465843333 -0.5425960000  1.1819326667 -0.7576606667 -0.8127030000  1.1909260000 -0.4687370000 -0.2753660000  1.1627200000 -1.3363950000 -0.5454730000  1.1717133333 -1.0474713333 -0.8155800000  1.1807066667 -0.7585476667 -0.5483500000  1.1614940000 -1.3372820000 -0.8184570000  1.1704873333 -1.0483583333 -0.8213340000  1.1602680000 -1.3381690000 
0.0076790000 2.5887270000 0.6303380000 -0.2657816667  2.1227933333  0.5339796667 -0.5392423333  1.6568596667  0.4376213333 -0.8127030000  1.1909260000  0.3412630000 0.0076790000 2.1222230000 0.5337006667 -0.2657816667  1.6562893333  0.4373423333 -0.5392423333  1.1903556667  0.3409840000 0.0076790000 1.6557190000 0.4370633333 -0.2657816667  1.1897853333  0.3407050000 0.0076790000 1.1892150000 0.3404260000 
0.0076790000 1.1892150000 0.3404260000 0.2811396667 1.1886446667 0.3401473333 0.5546003333 1.1880743333 0.3398686667 0.8280610000 1.1875040000 0.3395900000 0.0076790000 1.6557190000 0.4370633333 0.2811396667 1.6551486667 0.4367846667 0.5546003333 1.6545783333 0.4365060000 0.0076790000 2.1222230000 0.5337006667 0.2811396667 2.1216526667 0.5334220000 0.0076790000 2.5887270000 0.6303380000 
0.0076790000 2.5887270000 0.6303380000 0.2811396667 2.1216526667 0.5334220000 0.5546003333 1.6545783333 0.4365060000 0.8280610000 1.1875040000 0.3395900000 0.3359010000 2.6401850000 0.4716596667 0.6093616667 2.1731106667 0.3747436667 0.8828223333 1.7060363333 0.2778276667 0.6641230000 2.6916430000 0.3129813333 0.9375836667 2.2245686667 0.2160653333 0.9923450000 2.7431010000 0.1543030000 
-0.8127030000  1.1909260000  0.3412630000 -0.5392423333  1.6568596667  0.4376213333 -0.2657816667  2.1227933333  0.5339796667 0.0076790000 2.5887270000 0.6303380000 -0.8737893333  1.7092496667  0.2789430000 -0.6003286667  2.1751833333  0.3753013333 -0.3268680000  2.6411170000  0.4716596667 -0.9348756667  2.2275733333  0.2166230000 -0.6614150000  2.6935070000  0.3129813333 -0.9959620000  2.7458970000  0.1543030000 
0.8280610000 1.1875040000 0.3395900000 0.8280610000 1.1880613333 0.0701476667  0.8280610000  1.1886186667 -0.1992946667  0.8280610000  1.1891760000 -0.4687370000 0.8828223333 1.7060363333 0.2778276667 0.8828223333 1.7065936667 0.0083853333  0.8828223333  1.7071510000 -0.2610570000 0.9375836667 2.2245686667 0.2160653333  0.9375836667  2.2251260000 -0.0533770000 0.9923450000 2.7431010000 0.1543030000 
-0.8127030000  1.1909260000  0.3412630000 -0.8737893333  1.7092496667  0.2789430000 -0.9348756667  2.2275733333  0.2166230000 -0.9959620000  2.7458970000  0.1543030000 -0.8127030000  1.1909260000  0.0712630000 -0.8737893333  1.7092496667  0.0089430000 -0.9348756667  2.2275733333 -0.0533770000 -0.8127030000  1.1909260000 -0.1987370000 -0.8737893333  1.7092496667 -0.2610570000 -0.8127030000  1.1909260000 -0.4687370000 
 0.8546050000  1.1676250000 -1.3328480000  0.9005183333  1.6927836667 -0.8371310000  0.9464316667  2.2179423333 -0.3414140000 0.9923450000 2.7431010000 0.1543030000  0.8457570000  1.1748086667 -1.0448110000  0.8916703333  1.6999673333 -0.5490940000  0.9375836667  2.2251260000 -0.0533770000  0.8369090000  1.1819923333 -0.7567740000  0.8828223333  1.7071510000 -0.2610570000  0.8280610000  1.1891760000 -0.4687370000 
-0.8127030000  1.1909260000 -0.4687370000 -0.8737893333  1.7092496667 -0.2610570000 -0.9348756667  2.2275733333 -0.0533770000 -0.9959620000  2.7458970000  0.1543030000 -0.8155800000  1.1807066667 -0.7585476667 -0.8766663333  1.6990303333 -0.5508676667 -0.9377526667  2.2173540000 -0.3431876667 -0.8184570000  1.1704873333 -1.0483583333 -0.8795433333  1.6888110000 -0.8406783333 -0.8213340000  1.1602680000 -1.3381690000 
-0.9959620000  2.7458970000  0.1543030000 -0.9959620000  2.7458970000 -0.5906870000 -0.9959620000  2.7458970000 -1.3356770000 -0.9959620000  2.7458970000 -2.0806670000 -0.9377526667  2.2173540000 -0.3431876667 -0.9377526667  2.2173540000 -1.0881776667 -0.9377526667  2.2173540000 -1.8331676667 -0.8795433333  1.6888110000 -0.8406783333 -0.8795433333  1.6888110000 -1.5856683333 -0.8213340000  1.1602680000 -1.3381690000 
0.9923450000 2.7431010000 0.1543030000  0.9464316667  2.2179423333 -0.3414140000  0.9005183333  1.6927836667 -0.8371310000  0.8546050000  1.1676250000 -1.3328480000  0.9923450000  2.7431010000 -0.5906870000  0.9464316667  2.2179423333 -1.0864040000  0.9005183333  1.6927836667 -1.5821210000  0.9923450000  2.7431010000 -1.3356770000  0.9464316667  2.2179423333 -1.8313940000  0.9923450000  2.7431010000 -2.0806670000 
 0.8546050000  1.1676250000 -1.3328480000  0.8546050000  1.1704266667 -1.6970306667  0.8546050000  1.1732283333 -2.0612133333  0.8546050000  1.1760300000 -2.4253960000  0.9005183333  1.6927836667 -1.5821210000  0.9005183333  1.6955853333 -1.9463036667  0.9005183333  1.6983870000 -2.3104863333  0.9464316667  2.2179423333 -1.8313940000  0.9464316667  2.2207440000 -2.1955766667  0.9923450000  2.7431010000 -2.0806670000 
-0.8213340000  1.1602680000 -1.3381690000 -0.8795433333  1.6888110000 -1.5856683333 -0.9377526667  2.2173540000 -1.8331676667 -0.9959620000  2.7458970000 -2.0806670000 -0.8213340000  1.1638726667 -1.7016513333 -0.8795433333  1.6924156667 -1.9491506667 -0.9377526667  2.2209586667 -2.1966500000 -0.8213340000  1.1674773333 -2.0651336667 -0.8795433333  1.6960203333 -2.3126330000 -0.8213340000  1.1710820000 -2.4286160000 
-0.0023820000  1.1735560000 -2.4270060000 -0.0023820000  1.1759526667 -2.5947786667 -0.0023820000  1.1783493333 -2.7625513333 -0.0023820000  1.1807460000 -2.9303240000  0.2832803333  1.1743806667 -2.4264693333  0.2832803333  1.1767773333 -2.5942420000  0.2832803333  1.1791740000 -2.7620146667  0.5689426667  1.1752053333 -2.4259326667  0.5689426667  1.1776020000 -2.5937053333  0.8546050000  1.1760300000 -2.4253960000 
-0.0023820000  1.1735560000 -2.4270060000 -0.2753660000  1.1727313333 -2.4275426667 -0.5483500000  1.1719066667 -2.4280793333 -0.8213340000  1.1710820000 -2.4286160000 -0.0023820000  1.1759526667 -2.5947786667 -0.2753660000  1.1751280000 -2.5953153333 -0.5483500000  1.1743033333 -2.5958520000 -0.0023820000  1.1783493333 -2.7625513333 -0.2753660000  1.1775246667 -2.7630880000 -0.0023820000  1.1807460000 -2.9303240000 
-0.0023820000  1.1807460000 -2.9303240000 -0.0023820000  1.5234820000 -2.8919760000 -0.0023820000  1.8662180000 -2.8536280000 -0.0023820000  2.2089540000 -2.8152800000  0.2832803333  1.1791740000 -2.7620146667  0.2832803333  1.5219100000 -2.7236666667  0.2832803333  1.8646460000 -2.6853186667  0.5689426667  1.1776020000 -2.5937053333  0.5689426667  1.5203380000 -2.5553573333  0.8546050000  1.1760300000 -2.4253960000 
-0.0023820000  1.1807460000 -2.9303240000 -0.2753660000  1.1775246667 -2.7630880000 -0.5483500000  1.1743033333 -2.5958520000 -0.8213340000  1.1710820000 -2.4286160000 -0.0023820000  1.5234820000 -2.8919760000 -0.2753660000  1.5202606667 -2.7247400000 -0.5483500000  1.5170393333 -2.5575040000 -0.0023820000  1.8662180000 -2.8536280000 -0.2753660000  1.8629966667 -2.6863920000 -0.0023820000  2.2089540000 -2.8152800000 
 0.8546050000  1.1760300000 -2.4253960000  0.5689426667  1.5203380000 -2.5553573333  0.2832803333  1.8646460000 -2.6853186667 -0.0023820000  2.2089540000 -2.8152800000  0.9005183333  1.6983870000 -2.3104863333  0.6148560000  2.0426950000 -2.4404476667  0.3291936667  2.3870030000 -2.5704090000  0.9464316667  2.2207440000 -2.1955766667  0.6607693333  2.5650520000 -2.3255380000  0.9923450000  2.7431010000 -2.0806670000 
-0.8213340000  1.1710820000 -2.4286160000 -0.8795433333  1.6960203333 -2.3126330000 -0.9377526667  2.2209586667 -2.1966500000 -0.9959620000  2.7458970000 -2.0806670000 -0.5483500000  1.5170393333 -2.5575040000 -0.6065593333  2.0419776667 -2.4415210000 -0.6647686667  2.5669160000 -2.3255380000 -0.2753660000  1.8629966667 -2.6863920000 -0.3335753333  2.3879350000 -2.5704090000 -0.0023820000  2.2089540000 -2.8152800000 
-0.0023820000  2.2089540000 -2.8152800000 -0.0023820000  2.7382370000 -2.2110983333 -0.0023820000  3.2675200000 -1.6069166667 -0.0023820000  3.7968030000 -1.0027350000  0.3291936667  2.3870030000 -2.5704090000  0.3291936667  2.9162860000 -1.9662273333  0.3291936667  3.4455690000 -1.3620456667  0.6607693333  2.5650520000 -2.3255380000  0.6607693333  3.0943350000 -1.7213563333  0.9923450000  2.7431010000 -2.0806670000 
-0.0023820000  2.2089540000 -2.8152800000 -0.3335753333  2.3879350000 -2.5704090000 -0.6647686667  2.5669160000 -2.3255380000 -0.9959620000  2.7458970000 -2.0806670000 -0.0023820000  2.7382370000 -2.2110983333 -0.3335753333  2.9172180000 -1.9662273333 -0.6647686667  3.0961990000 -1.7213563333 -0.0023820000  3.2675200000 -1.6069166667 -0.3335753333  3.4465010000 -1.3620456667 -0.0023820000  3.7968030000 -1.0027350000 
 0.9923450000  2.7431010000 -2.0806670000  0.6607693333  3.0943350000 -1.7213563333  0.3291936667  3.4455690000 -1.3620456667 -0.0023820000  3.7968030000 -1.0027350000  0.9923450000  2.7431010000 -1.3356770000  0.6607693333  3.0943350000 -0.9763663333  0.3291936667  3.4455690000 -0.6170556667  0.9923450000  2.7431010000 -0.5906870000  0.6607693333  3.0943350000 -0.2313763333 0.9923450000 2.7431010000 0.1543030000 
-0.9959620000  2.7458970000 -2.0806670000 -0.9959620000  2.7458970000 -1.3356770000 -0.9959620000  2.7458970000 -0.5906870000 -0.9959620000  2.7458970000  0.1543030000 -0.6647686667  3.0961990000 -1.7213563333 -0.6647686667  3.0961990000 -0.9763663333 -0.6647686667  3.0961990000 -0.2313763333 -0.3335753333  3.4465010000 -1.3620456667 -0.3335753333  3.4465010000 -0.6170556667 -0.0023820000  3.7968030000 -1.0027350000 
-0.4589910000  5.1790820000  1.6763370000 -0.3067880000  4.7183223333  0.7833130000 -0.1545850000  4.2575626667 -0.1097110000 -0.0023820000  3.7968030000 -1.0027350000 -0.6379813333  4.3680203333  1.1689923333 -0.4857783333  3.9072606667  0.2759683333 -0.3335753333  3.4465010000 -0.6170556667 -0.8169716667  3.5569586667  0.6616476667 -0.6647686667  3.0961990000 -0.2313763333 -0.9959620000  2.7458970000  0.1543030000 
-0.4589910000  5.1790820000  1.6763370000 -0.3034343333  4.3156303333  1.3276706667 -0.1478776667  3.4521786667  0.9790043333 0.0076790000 2.5887270000 0.6303380000 -0.3034343333  5.1209396667  1.8338650000 -0.1478776667  4.2574880000  1.4851986667 0.0076790000 3.3940363333 1.1365323333 -0.1478776667  5.0627973333  1.9913930000 0.0076790000 4.1993456667 1.6427266667 0.0076790000 5.0046550000 2.1489210000 
0.0076790000 2.5887270000 0.6303380000 0.1569106667 3.4512466667 0.9790043333 0.3061423333 4.3137663333 1.3276706667 0.4553740000 5.1762860000 1.6763370000 0.0076790000 3.3940363333 1.1365323333 0.1569106667 4.2565560000 1.4851986667 0.3061423333 5.1190756667 1.8338650000 0.0076790000 4.1993456667 1.6427266667 0.1569106667 5.0618653333 1.9913930000 0.0076790000 5.0046550000 2.1489210000 
-0.0023820000  3.7968030000 -1.0027350000  0.1502033333  4.2566306667 -0.1097110000 0.3027886667 4.7164583333 0.7833130000 0.4553740000 5.1762860000 1.6763370000  0.3291936667  3.4455690000 -0.6170556667 0.4817790000 3.9053966667 0.2759683333 0.6343643333 4.3652243333 1.1689923333  0.6607693333  3.0943350000 -0.2313763333 0.8133546667 3.5541626667 0.6616476667 0.9923450000 2.7431010000 0.1543030000 
-0.4589910000  5.1790820000  1.6763370000 -0.3034343333  5.1209396667  1.8338650000 -0.1478776667  5.0627973333  1.9913930000 0.0076790000 5.0046550000 2.1489210000 -0.3034343333  5.1129506667  2.2552943333 -0.1478776667  5.0548083333  2.4128223333 0.0076790000 4.9966660000 2.5703503333 -0.1478776667  5.0468193333  2.8342516667 0.0076790000 4.9886770000 2.9917796667 0.0076790000 4.9806880000 3.4132090000 
0.4553740000 5.1762860000 1.6763370000 0.3061423333 5.1110866667 2.2552943333 0.1569106667 5.0458873333 2.8342516667 0.0076790000 4.9806880000 3.4132090000 0.3061423333 5.1190756667 1.8338650000 0.1569106667 5.0538763333 2.4128223333 0.0076790000 4.9886770000 2.9917796667 0.1569106667 5.0618653333 1.9913930000 0.0076790000 4.9966660000 2.5703503333 0.0076790000 5.0046550000 2.1489210000 
-0.4589910000  5.1790820000  1.6763370000 -0.5633356667  5.4537096667  1.7578933333 -0.6676803333  5.7283373333  1.8394496667 -0.7720250000  6.0029650000  1.9210060000 -0.3067880000  5.4661096667  1.5886223333 -0.4111326667  5.7407373333  1.6701786667 -0.5154773333  6.0153650000  1.7517350000 -0.1545850000  5.7531373333  1.5009076667 -0.2589296667  6.0277650000  1.5824640000 -0.0023820000  6.0401650000  1.4131930000 
0.4553740000 5.1762860000 1.6763370000 0.3027886667 5.4642456667 1.5886223333 0.1502033333 5.7522053333 1.5009076667 -0.0023820000  6.0401650000  1.4131930000 0.5597186667 5.4509136667 1.7578933333 0.4071333333 5.7388733333 1.6701786667 0.2545480000 6.0268330000 1.5824640000 0.6640633333 5.7255413333 1.8394496667 0.5114780000 6.0135010000 1.7517350000 0.7684080000 6.0001690000 1.9210060000 
0.0076790000 4.9806880000 3.4132090000 -0.1448923333  5.0444903333  3.4132090000 -0.2974636667  5.1082926667  3.4132090000 -0.4500350000  5.1720950000  3.4132090000 -0.1478776667  5.0468193333  2.8342516667 -0.3004490000  5.1106216667  2.8342516667 -0.4530203333  5.1744240000  2.8342516667 -0.3034343333  5.1129506667  2.2552943333 -0.4560056667  5.1767530000  2.2552943333 -0.4589910000  5.1790820000  1.6763370000 
0.0076790000 5.3701600000 3.6588760000 -0.1448923333  5.3041383333  3.5769870000 -0.2974636667  5.2381166667  3.4950980000 -0.4500350000  5.1720950000  3.4132090000 0.0076790000 5.2403360000 3.5769870000 -0.1448923333  5.1743143333  3.4950980000 -0.2974636667  5.1082926667  3.4132090000 0.0076790000 5.1105120000 3.4950980000 -0.1448923333  5.0444903333  3.4132090000 0.0076790000 4.9806880000 3.4132090000 
0.0076790000 5.3701600000 3.6588760000 0.0076790000 5.2403360000 3.5769870000 0.0076790000 5.1105120000 3.4950980000 0.0076790000 4.9806880000 3.4132090000 0.1574760000 5.2999773333 3.5769870000 0.1574760000 5.1701533333 3.4950980000 0.1574760000 5.0403293333 3.4132090000 0.3072730000 5.2297946667 3.4950980000 0.3072730000 5.0999706667 3.4132090000 0.4570700000 5.1596120000 3.4132090000 
-0.7720250000  6.0029650000  1.9210060000 -0.6676803333  5.7283373333  1.8394496667 -0.5633356667  5.4537096667  1.7578933333 -0.4589910000  5.1790820000  1.6763370000 -0.6646950000  5.7260083333  2.4184070000 -0.5603503333  5.4513806667  2.3368506667 -0.4560056667  5.1767530000  2.2552943333 -0.5573650000  5.4490516667  2.9158080000 -0.4530203333  5.1744240000  2.8342516667 -0.4500350000  5.1720950000  3.4132090000 
0.7684080000 6.0001690000 1.9210060000 0.6646286667 5.7199833333 2.4184070000 0.5608493333 5.4397976667 2.9158080000 0.4570700000 5.1596120000 3.4132090000 0.6640633333 5.7255413333 1.8394496667 0.5602840000 5.4453556667 2.3368506667 0.4565046667 5.1651700000 2.8342516667 0.5597186667 5.4509136667 1.7578933333 0.4559393333 5.1707280000 2.2552943333 0.4553740000 5.1762860000 1.6763370000 
0.4553740000 5.1762860000 1.6763370000 0.4559393333 5.1707280000 2.2552943333 0.4565046667 5.1651700000 2.8342516667 0.4570700000 5.1596120000 3.4132090000 0.3061423333 5.1110866667 2.2552943333 0.3067076667 5.1055286667 2.8342516667 0.3072730000 5.0999706667 3.4132090000 0.1569106667 5.0458873333 2.8342516667 0.1574760000 5.0403293333 3.4132090000 0.0076790000 4.9806880000 3.4132090000 
0.3385920000 6.5369510000 2.2187690000 0.2249340000 6.3713556667 1.9502436667 0.1112760000 6.2057603333 1.6817183333 -0.0023820000  6.0401650000  1.4131930000 0.1382460000 6.5340613333 2.2187690000 0.0245880000 6.3684660000 1.9502436667 -0.0890700000  6.2028706667  1.6817183333 -0.0621000000  6.5311716667  2.2187690000 -0.1757580000  6.3655763333  1.9502436667 -0.2624460000  6.5282820000  2.2187690000 
0.3385920000 6.5369510000 2.2187690000 0.4818640000 6.3580236667 2.1195146667 0.6251360000 6.1790963333 2.0202603333 0.7684080000 6.0001690000 1.9210060000 0.2249340000 6.3713556667 1.9502436667 0.3682060000 6.1924283333 1.8509893333 0.5114780000 6.0135010000 1.7517350000 0.1112760000 6.2057603333 1.6817183333 0.2545480000 6.0268330000 1.5824640000 -0.0023820000  6.0401650000  1.4131930000 
0.0076790000 5.3701600000 3.6588760000 -0.0823626667  5.7562006667  3.1788403333 -0.1724043333  6.1422413333  2.6988046667 -0.2624460000  6.5282820000  2.2187690000 -0.2522223333  5.5810950000  3.0795860000 -0.3422640000  5.9671356667  2.5995503333 -0.4323056667  6.3531763333  2.1195146667 -0.5121236667  5.7920300000  2.5002960000 -0.6021653333  6.1780706667  2.0202603333 -0.7720250000  6.0029650000  1.9210060000 
-0.7720250000  6.0029650000  1.9210060000 -0.6021653333  6.1780706667  2.0202603333 -0.4323056667  6.3531763333  2.1195146667 -0.2624460000  6.5282820000  2.2187690000 -0.5154773333  6.0153650000  1.7517350000 -0.3456176667  6.1904706667  1.8509893333 -0.1757580000  6.3655763333  1.9502436667 -0.2589296667  6.0277650000  1.5824640000 -0.0890700000  6.2028706667  1.6817183333 -0.0023820000  6.0401650000  1.4131930000 
0.0076790000 5.3701600000 3.6588760000 0.1179833333 5.7590903333 3.1788403333 0.2282876667 6.1480206667 2.6988046667 0.3385920000 6.5369510000 2.2187690000 -0.0823626667  5.7562006667  3.1788403333 0.0279416667 6.1451310000 2.6988046667 0.1382460000 6.5340613333 2.2187690000 -0.1724043333  6.1422413333  2.6988046667 -0.0621000000  6.5311716667  2.2187690000 -0.2624460000  6.5282820000  2.2187690000 
0.3385920000 6.5369510000 2.2187690000 0.2282876667 6.1480206667 2.6988046667 0.1179833333 5.7590903333 3.1788403333 0.0076790000 5.3701600000 3.6588760000 0.4818640000 6.3580236667 2.1195146667 0.3715596667 5.9690933333 2.5995503333 0.2612553333 5.5801630000 3.0795860000 0.6251360000 6.1790963333 2.0202603333 0.5148316667 5.7901660000 2.5002960000 0.7684080000 6.0001690000 1.9210060000 
0.0076790000 5.3701600000 3.6588760000 0.1574760000 5.2999773333 3.5769870000 0.3072730000 5.2297946667 3.4950980000 0.4570700000 5.1596120000 3.4132090000 0.2612553333 5.5801630000 3.0795860000 0.4110523333 5.5099803333 2.9976970000 0.5608493333 5.4397976667 2.9158080000 0.5148316667 5.7901660000 2.5002960000 0.6646286667 5.7199833333 2.4184070000 0.7684080000 6.0001690000 1.9210060000 
-0.4500350000  5.1720950000  3.4132090000 -0.2974636667  5.2381166667  3.4950980000 -0.1448923333  5.3041383333  3.5769870000 0.0076790000 5.3701600000 3.6588760000 -0.5573650000  5.4490516667  2.9158080000 -0.4047936667  5.5150733333  2.9976970000 -0.2522223333  5.5810950000  3.0795860000 -0.6646950000  5.7260083333  2.4184070000 -0.5121236667  5.7920300000  2.5002960000 -0.7720250000  6.0029650000  1.9210060000 
0.0076790000 1.1892150000 0.3404260000 0.0076790000 1.1894936667 0.0707050000  0.0076790000  1.1897723333 -0.1990160000  0.0076790000  1.1900510000 -0.4687370000 0.0758110000 0.3278100000 0.1352840000  0.0758110000  0.3280886667 -0.1344370000  0.0758110000  0.3283673333 -0.4041580000  0.1439430000 -0.5335950000 -0.0698580000  0.1439430000 -0.5333163333 -0.3395790000  0.2120750000 -1.3950000000 -0.2750000000 
 0.2120750000 -1.3950000000 -0.2750000000  0.1439430000 -0.5333163333 -0.3395790000  0.0758110000  0.3283673333 -0.4041580000  0.0076790000  1.1900510000 -0.4687370000  0.4174036667 -0.5336080000 -0.3395790000  0.3492716667  0.3280756667 -0.4041580000  0.2811396667  1.1897593333 -0.4687370000  0.6227323333  0.3277840000 -0.4041580000  0.5546003333  1.1894676667 -0.4687370000  0.8280610000  1.1891760000 -0.4687370000 
 0.9279250000 -1.3950000000 -0.2750000000  0.8946370000 -0.5336080000 -0.3395790000  0.8613490000  0.3277840000 -0.4041580000  0.8280610000  1.1891760000 -0.4687370000  0.8946370000 -0.5341653333 -0.0701366667  0.8613490000  0.3272266667 -0.1347156667  0.8280610000  1.1886186667 -0.1992946667 0.8613490000 0.3266693333 0.1347266667 0.8280610000 1.1880613333 0.0701476667 0.8280610000 1.1875040000 0.3395900000 
0.8280610000 1.1875040000 0.3395900000 0.5546003333 1.1880743333 0.3398686667 0.2811396667 1.1886446667 0.3401473333 0.0076790000 1.1892150000 0.3404260000 0.6227323333 0.3266693333 0.4047266667 0.3492716667 0.3272396667 0.4050053333 0.0758110000 0.3278100000 0.4052840000  0.4174036667 -0.5341653333  0.4698633333  0.1439430000 -0.5335950000  0.4701420000  0.2120750000 -1.3950000000  0.5350000000 
 0.9279250000 -1.3950000000 -0.2750000000  0.9279250000 -1.3950000000 -0.0050000000  0.9279250000 -1.3950000000  0.2650000000  0.9279250000 -1.3950000000  0.5350000000  0.6893083333 -1.3950000000 -0.0050000000  0.6893083333 -1.3950000000  0.2650000000  0.6893083333 -1.3950000000  0.5350000000  0.4506916667 -1.3950000000  0.2650000000  0.4506916667 -1.3950000000  0.5350000000  0.2120750000 -1.3950000000  0.5350000000 
-0.8127030000  1.1909260000  0.3412630000 -0.8127030000  1.1909260000  0.0712630000 -0.8127030000  1.1909260000 -0.1987370000 -0.8127030000  1.1909260000 -0.4687370000 -0.8446043333  0.3289506667  0.1358420000 -0.8446043333  0.3289506667 -0.1341580000 -0.8446043333  0.3289506667 -0.4041580000 -0.8765056667 -0.5330246667 -0.0695790000 -0.8765056667 -0.5330246667 -0.3395790000 -0.9084070000 -1.3950000000 -0.2750000000 
-0.8127030000  1.1909260000 -0.4687370000 -0.5392423333  1.1906343333 -0.4687370000 -0.2657816667  1.1903426667 -0.4687370000  0.0076790000  1.1900510000 -0.4687370000 -0.6059876667  0.3289506667 -0.4041580000 -0.3325270000  0.3286590000 -0.4041580000 -0.0590663333  0.3283673333 -0.4041580000 -0.3992723333 -0.5330246667 -0.3395790000 -0.1258116667 -0.5333163333 -0.3395790000 -0.1925570000 -1.3950000000 -0.2750000000 
-0.1925570000 -1.3950000000 -0.2750000000 -0.1258116667 -0.5333163333 -0.3395790000 -0.0590663333  0.3283673333 -0.4041580000  0.0076790000  1.1900510000 -0.4687370000 -0.1258116667 -0.5335950000 -0.0698580000 -0.0590663333  0.3280886667 -0.1344370000  0.0076790000  1.1897723333 -0.1990160000 -0.0590663333  0.3278100000  0.1352840000 0.0076790000 1.1894936667 0.0707050000 0.0076790000 1.1892150000 0.3404260000 
-0.1881450000 -1.3875800000  0.5330210000 -0.1228703333 -0.5286483333  0.4688226667 -0.0575956667  0.3302833333  0.4046243333 0.0076790000 1.1892150000 0.3404260000 -0.3963310000 -0.5280780000  0.4691016667 -0.3310563333  0.3308536667  0.4049033333 -0.2657816667  1.1897853333  0.3407050000 -0.6045170000  0.3314240000  0.4051823333 -0.5392423333  1.1903556667  0.3409840000 -0.8127030000  1.1909260000  0.3412630000 
-0.1925570000 -1.3950000000 -0.2750000000 -0.1910863333 -1.3925266667 -0.0056596667 -0.1896156667 -1.3900533333  0.2636806667 -0.1881450000 -1.3875800000  0.5330210000 -0.4311736667 -1.3950000000 -0.0050000000 -0.4297030000 -1.3925266667  0.2643403333 -0.4282323333 -1.3900533333  0.5336806667 -0.6697903333 -1.3950000000  0.2650000000 -0.6683196667 -1.3925266667  0.5343403333 -0.9084070000 -1.3950000000  0.5350000000 
 0.0856650000  0.0990730000 -1.5725230000  0.0856650000  0.1884240000 -1.9047490000  0.0856650000  0.2777750000 -2.2369750000  0.0856650000  0.3671260000 -2.5692010000  0.1278016667 -0.3989513333 -1.7559806667  0.1278016667 -0.3096003333 -2.0882066667  0.1278016667 -0.2202493333 -2.4204326667  0.1699383333 -0.8969756667 -1.9394383333  0.1699383333 -0.8076246667 -2.2716643333  0.2120750000 -1.3950000000 -2.1228960000 
 0.2120750000 -1.3950000000 -2.1228960000  0.1699383333 -0.8076246667 -2.2716643333  0.1278016667 -0.2202493333 -2.4204326667  0.0856650000  0.3671260000 -2.5692010000  0.4262516667 -0.8076246667 -2.2716643333  0.3841150000 -0.2202493333 -2.4204326667  0.3419783333  0.3671260000 -2.5692010000  0.6404283333 -0.2202493333 -2.4204326667  0.5982916667  0.3671260000 -2.5692010000  0.8546050000  0.3671260000 -2.5692010000 
 0.9279250000 -1.3950000000 -2.1228960000  0.9034850000 -0.8076246667 -2.2716643333  0.8790450000 -0.2202493333 -2.4204326667  0.8546050000  0.3671260000 -2.5692010000  0.9034850000 -0.8969756667 -1.9394383333  0.8790450000 -0.3096003333 -2.0882066667  0.8546050000  0.2777750000 -2.2369750000  0.8790450000 -0.3989513333 -1.7559806667  0.8546050000  0.1884240000 -1.9047490000  0.8546050000  0.0990730000 -1.5725230000 
 0.8546050000  0.0990730000 -1.5725230000  0.5982916667  0.0990730000 -1.5725230000  0.3419783333  0.0990730000 -1.5725230000  0.0856650000  0.0990730000 -1.5725230000  0.6404283333 -0.3989513333 -1.4859806667  0.3841150000 -0.3989513333 -1.4859806667  0.1278016667 -0.3989513333 -1.4859806667  0.4262516667 -0.8969756667 -1.3994383333  0.1699383333 -0.8969756667 -1.3994383333  0.2120750000 -1.3950000000 -1.3128960000 
 0.9279250000 -1.3950000000 -2.1228960000  0.9279250000 -1.3950000000 -1.8528960000  0.9279250000 -1.3950000000 -1.5828960000  0.9279250000 -1.3950000000 -1.3128960000  0.6893083333 -1.3950000000 -1.8528960000  0.6893083333 -1.3950000000 -1.5828960000  0.6893083333 -1.3950000000 -1.3128960000  0.4506916667 -1.3950000000 -1.5828960000  0.4506916667 -1.3950000000 -1.3128960000  0.2120750000 -1.3950000000 -1.3128960000 
-0.8213340000  0.0917160000 -1.5778440000 -0.8213340000  0.1818700000 -1.9093696667 -0.8213340000  0.2720240000 -2.2408953333 -0.8213340000  0.3621780000 -2.5724210000 -0.8503583333 -0.4038560000 -1.7595280000 -0.8503583333 -0.3137020000 -2.0910536667 -0.8503583333 -0.2235480000 -2.4225793333 -0.8793826667 -0.8994280000 -1.9412120000 -0.8793826667 -0.8092740000 -2.2727376667 -0.9084070000 -1.3950000000 -2.1228960000 
-0.8213340000  0.3621780000 -2.5724210000 -0.5776986667  0.3621780000 -2.5724210000 -0.3340633333  0.3621780000 -2.5724210000 -0.0904280000  0.3621780000 -2.5724210000 -0.6117416667 -0.2235480000 -2.4225793333 -0.3681063333 -0.2235480000 -2.4225793333 -0.1244710000 -0.2235480000 -2.4225793333 -0.4021493333 -0.8092740000 -2.2727376667 -0.1585140000 -0.8092740000 -2.2727376667 -0.1925570000 -1.3950000000 -2.1228960000 
-0.1925570000 -1.3950000000 -2.1228960000 -0.1585140000 -0.8092740000 -2.2727376667 -0.1244710000 -0.2235480000 -2.4225793333 -0.0904280000  0.3621780000 -2.5724210000 -0.1585140000 -0.8994280000 -1.9412120000 -0.1244710000 -0.3137020000 -2.0910536667 -0.0904280000  0.2720240000 -2.2408953333 -0.1244710000 -0.4038560000 -1.7595280000 -0.0904280000  0.1818700000 -1.9093696667 -0.0904280000  0.0917160000 -1.5778440000 
-0.1925570000 -1.3950000000 -1.3128960000 -0.1585140000 -0.8994280000 -1.4012120000 -0.1244710000 -0.4038560000 -1.4895280000 -0.0904280000  0.0917160000 -1.5778440000 -0.4021493333 -0.8994280000 -1.4012120000 -0.3681063333 -0.4038560000 -1.4895280000 -0.3340633333  0.0917160000 -1.5778440000 -0.6117416667 -0.4038560000 -1.4895280000 -0.5776986667  0.0917160000 -1.5778440000 -0.8213340000  0.0917160000 -1.5778440000 
-0.1925570000 -1.3950000000 -2.1228960000 -0.1925570000 -1.3950000000 -1.8528960000 -0.1925570000 -1.3950000000 -1.5828960000 -0.1925570000 -1.3950000000 -1.3128960000 -0.4311736667 -1.3950000000 -1.8528960000 -0.4311736667 -1.3950000000 -1.5828960000 -0.4311736667 -1.3950000000 -1.3128960000 -0.6697903333 -1.3950000000 -1.5828960000 -0.6697903333 -1.3950000000 -1.3128960000 -0.9084070000 -1.3950000000 -1.3128960000 
 0.0856650000  0.3671260000 -2.5692010000  0.0563160000  0.6359360000 -2.5218026667  0.0269670000  0.9047460000 -2.4744043333 -0.0023820000  1.1735560000 -2.4270060000  0.3419783333  0.6367606667 -2.5212660000  0.3126293333  0.9055706667 -2.4738676667  0.2832803333  1.1743806667 -2.4264693333  0.5982916667  0.9063953333 -2.4733310000  0.5689426667  1.1752053333 -2.4259326667  0.8546050000  1.1760300000 -2.4253960000 
-0.0904280000  0.3621780000 -2.5724210000 -0.3340633333  0.3621780000 -2.5724210000 -0.5776986667  0.3621780000 -2.5724210000 -0.8213340000  0.3621780000 -2.5724210000 -0.3340633333  0.6318126667 -2.5244860000 -0.5776986667  0.6318126667 -2.5244860000 -0.8213340000  0.6318126667 -2.5244860000 -0.5776986667  0.9014473333 -2.4765510000 -0.8213340000  0.9014473333 -2.4765510000 -0.8213340000  1.1710820000 -2.4286160000 
-0.0904280000  0.0917160000 -1.5778440000 -0.0610793333  0.4491260000 -1.4970653333 -0.0317306667  0.8065360000 -1.4162866667 -0.0023820000  1.1639460000 -1.3355080000 -0.3340633333  0.4479000000 -1.4979523333 -0.3047146667  0.8053100000 -1.4171736667 -0.2753660000  1.1627200000 -1.3363950000 -0.5776986667  0.8040840000 -1.4180606667 -0.5483500000  1.1614940000 -1.3372820000 -0.8213340000  1.1602680000 -1.3381690000 
 0.8546050000  1.1676250000 -1.3328480000  0.5689426667  1.1663986667 -1.3337346667  0.2832803333  1.1651723333 -1.3346213333 -0.0023820000  1.1639460000 -1.3355080000  0.5982916667  0.8114410000 -1.4127396667  0.3126293333  0.8102146667 -1.4136263333  0.0269670000  0.8089883333 -1.4145130000  0.3419783333  0.4552570000 -1.4926313333  0.0563160000  0.4540306667 -1.4935180000  0.0856650000  0.0990730000 -1.5725230000 
 0.8546050000  0.0990730000 -1.5725230000  0.8546050000  0.1884240000 -1.9047490000  0.8546050000  0.2777750000 -2.2369750000  0.8546050000  0.3671260000 -2.5692010000  0.8546050000  0.4580586667 -1.8568140000  0.8546050000  0.5474096667 -2.1890400000  0.8546050000  0.6367606667 -2.5212660000  0.8546050000  0.8170443333 -2.1411050000  0.8546050000  0.9063953333 -2.4733310000  0.8546050000  1.1760300000 -2.4253960000 
 0.0856650000  0.0990730000 -1.5725230000  0.0563160000  0.4540306667 -1.4935180000  0.0269670000  0.8089883333 -1.4145130000 -0.0023820000  1.1639460000 -1.3355080000  0.0563160000  0.4572340000 -1.8573506667  0.0269670000  0.8121916667 -1.7783456667 -0.0023820000  1.1671493333 -1.6993406667  0.0269670000  0.8153950000 -2.1421783333 -0.0023820000  1.1703526667 -2.0631733333 -0.0023820000  1.1735560000 -2.4270060000 
-0.0904280000  0.0917160000 -1.5778440000 -0.0904280000  0.1818700000 -1.9093696667 -0.0904280000  0.2720240000 -2.2408953333 -0.0904280000  0.3621780000 -2.5724210000 -0.0610793333  0.4523293333 -1.8608980000 -0.0610793333  0.5424833333 -2.1924236667 -0.0610793333  0.6326373333 -2.5239493333 -0.0317306667  0.8129426667 -2.1439520000 -0.0317306667  0.9030966667 -2.4754776667 -0.0023820000  1.1735560000 -2.4270060000 
-0.8213340000  0.0917160000 -1.5778440000 -0.8213340000  0.4479000000 -1.4979523333 -0.8213340000  0.8040840000 -1.4180606667 -0.8213340000  1.1602680000 -1.3381690000 -0.8213340000  0.4515046667 -1.8614346667 -0.8213340000  0.8076886667 -1.7815430000 -0.8213340000  1.1638726667 -1.7016513333 -0.8213340000  0.8112933333 -2.1450253333 -0.8213340000  1.1674773333 -2.0651336667 -0.8213340000  1.1710820000 -2.4286160000 
 0.8280610000  1.1891760000 -0.4687370000  0.5546003333  1.1894676667 -0.4687370000  0.2811396667  1.1897593333 -0.4687370000  0.0076790000  1.1900510000 -0.4687370000  0.5512466667  1.1807660000 -0.7576606667  0.2777860000  1.1810576667 -0.7576606667  0.0043253333  1.1813493333 -0.7576606667  0.2744323333  1.1723560000 -1.0465843333  0.0009716667  1.1726476667 -1.0465843333 -0.0023820000  1.1639460000 -1.3355080000 
-0.0023820000  1.1639460000 -1.3355080000  0.0009716667  1.1726476667 -1.0465843333  0.0043253333  1.1813493333 -0.7576606667  0.0076790000  1.1900510000 -0.4687370000 -0.2724890000  1.1729393333 -1.0465843333 -0.2691353333  1.1816410000 -0.7576606667 -0.2657816667  1.1903426667 -0.4687370000 -0.5425960000  1.1819326667 -0.7576606667 -0.5392423333  1.1906343333 -0.4687370000 -0.8127030000  1.1909260000 -0.4687370000 
-0.4589910000  5.1790820000  1.6763370000 -0.3067880000  5.4661096667  1.5886223333 -0.1545850000  5.7531373333  1.5009076667 -0.0023820000  6.0401650000  1.4131930000 -0.3067880000  4.7183223333  0.7833130000 -0.1545850000  5.0053500000  0.6955983333 -0.0023820000  5.2923776667  0.6078836667 -0.1545850000  4.2575626667 -0.1097110000 -0.0023820000  4.5445903333 -0.1974256667 -0.0023820000  3.7968030000 -1.0027350000 
-0.4589910000  5.1790820000  1.6763370000 -0.6379813333  4.3680203333  1.1689923333 -0.8169716667  3.5569586667  0.6616476667 -0.9959620000  2.7458970000  0.1543030000 -0.3034343333  4.3156303333  1.3276706667 -0.4824246667  3.5045686667  0.8203260000 -0.6614150000  2.6935070000  0.3129813333 -0.1478776667  3.4521786667  0.9790043333 -0.3268680000  2.6411170000  0.4716596667 0.0076790000 2.5887270000 0.6303380000 
0.0076790000 2.5887270000 0.6303380000 0.3359010000 2.6401850000 0.4716596667 0.6641230000 2.6916430000 0.3129813333 0.9923450000 2.7431010000 0.1543030000 0.1569106667 3.4512466667 0.9790043333 0.4851326667 3.5027046667 0.8203260000 0.8133546667 3.5541626667 0.6616476667 0.3061423333 4.3137663333 1.3276706667 0.6343643333 4.3652243333 1.1689923333 0.4553740000 5.1762860000 1.6763370000 
-0.0023820000  3.7968030000 -1.0027350000 -0.0023820000  4.5445903333 -0.1974256667 -0.0023820000  5.2923776667  0.6078836667 -0.0023820000  6.0401650000  1.4131930000  0.1502033333  4.2566306667 -0.1097110000 0.1502033333 5.0044180000 0.6955983333 0.1502033333 5.7522053333 1.5009076667 0.3027886667 4.7164583333 0.7833130000 0.3027886667 5.4642456667 1.5886223333 0.4553740000 5.1762860000 1.6763370000 
