0.0076790000 1.1892100000 0.3404260000 0.0758110000 0.3278100000 0.1352840000  0.1439430000 -0.5335950000 -0.0698580000  0.2120750000 -1.3950000000 -0.2750000000 0.0758110000 0.3278100000 0.4052840000  0.1439430000 -0.5335950000  0.2001420000  0.2120750000 -1.3950000000 -0.0050000000  0.1439430000 -0.5335950000  0.4701420000  0.2120750000 -1.3950000000  0.2650000000  0.2120750000 -1.3950000000  0.5350000000 
 0.2120750000 -1.3950000000 -0.2750000000  0.4174040000 -0.5336080000 -0.3395790000  0.6227320000  0.3277840000 -0.4041580000  0.8280610000  1.1891800000 -0.4687370000  0.4506920000 -1.3950000000 -0.2750000000  0.6560200000 -0.5336080000 -0.3395790000  0.8613490000  0.3277840000 -0.4041580000  0.6893080000 -1.3950000000 -0.2750000000  0.8946370000 -0.5336080000 -0.3395790000  0.9279250000 -1.3950000000 -0.2750000000 
 0.9279250000 -1.3950000000 -0.2750000000  0.8946370000 -0.5341650000 -0.0701370000 0.8613490000 0.3266690000 0.1347270000 0.8280610000 1.1875000000 0.3395900000  0.9279250000 -1.3950000000 -0.0050000000  0.8946370000 -0.5341650000  0.1998630000 0.8613490000 0.3266690000 0.4047270000  0.9279250000 -1.3950000000  0.2650000000  0.8946370000 -0.5341650000  0.4698630000  0.9279250000 -1.3950000000  0.5350000000 
0.8280610000 1.1875000000 0.3395900000 0.6227320000 0.3266690000 0.4047270000  0.4174040000 -0.5341650000  0.4698630000  0.2120750000 -1.3950000000  0.5350000000 0.8613490000 0.3266690000 0.4047270000  0.6560200000 -0.5341650000  0.4698630000  0.4506920000 -1.3950000000  0.5350000000  0.8946370000 -0.5341650000  0.4698630000  0.6893080000 -1.3950000000  0.5350000000  0.9279250000 -1.3950000000  0.5350000000 
 0.9279250000 -1.3950000000 -0.2750000000  0.6893080000 -1.3950000000 -0.0050000000  0.4506920000 -1.3950000000  0.2650000000  0.2120750000 -1.3950000000  0.5350000000  0.6893080000 -1.3950000000 -0.2750000000  0.4506920000 -1.3950000000 -0.0050000000  0.2120750000 -1.3950000000  0.2650000000  0.4506920000 -1.3950000000 -0.2750000000  0.2120750000 -1.3950000000 -0.0050000000  0.2120750000 -1.3950000000 -0.2750000000 
-0.8127030000  1.1909300000  0.3412630000 -0.8446040000  0.3289510000  0.1358420000 -0.8765060000 -0.5330250000 -0.0695790000 -0.9084070000 -1.3950000000 -0.2750000000 -0.8446040000  0.3289510000  0.4058420000 -0.8765060000 -0.5330250000  0.2004210000 -0.9084070000 -1.3950000000 -0.0050000000 -0.8765060000 -0.5330250000  0.4704210000 -0.9084070000 -1.3950000000  0.2650000000 -0.9084070000 -1.3950000000  0.5350000000 
-0.8127030000  1.1909300000 -0.4687370000 -0.6059880000  0.3289510000 -0.4041580000 -0.3992720000 -0.5330250000 -0.3395790000 -0.1925570000 -1.3950000000 -0.2750000000 -0.8446040000  0.3289510000 -0.4041580000 -0.6378890000 -0.5330250000 -0.3395790000 -0.4311740000 -1.3950000000 -0.2750000000 -0.8765060000 -0.5330250000 -0.3395790000 -0.6697900000 -1.3950000000 -0.2750000000 -0.9084070000 -1.3950000000 -0.2750000000 
-0.1925570000 -1.3950000000 -0.2750000000 -0.1258120000 -0.5335950000 -0.0698580000 -0.0590660000  0.3278100000  0.1352840000 0.0076790000 1.1892100000 0.3404260000 -0.1910860000 -1.3925300000 -0.0056600000 -0.1243410000 -0.5311220000  0.1994820000 -0.0575960000  0.3302830000  0.4046240000 -0.1896160000 -1.3900500000  0.2636810000 -0.1228700000 -0.5286480000  0.4688230000 -0.1881450000 -1.3875800000  0.5330210000 
-0.1881450000 -1.3875800000  0.5330210000 -0.3963310000 -0.5280780000  0.4691020000 -0.6045170000  0.3314240000  0.4051820000 -0.8127030000  1.1909300000  0.3412630000 -0.4282320000 -1.3900500000  0.5336810000 -0.6364180000 -0.5305510000  0.4697610000 -0.8446040000  0.3289510000  0.4058420000 -0.6683200000 -1.3925300000  0.5343400000 -0.8765060000 -0.5330250000  0.4704210000 -0.9084070000 -1.3950000000  0.5350000000 
-0.1925570000 -1.3950000000 -0.2750000000 -0.4311740000 -1.3950000000 -0.0050000000 -0.6697900000 -1.3950000000  0.2650000000 -0.9084070000 -1.3950000000  0.5350000000 -0.4311740000 -1.3950000000 -0.2750000000 -0.6697900000 -1.3950000000 -0.0050000000 -0.9084070000 -1.3950000000  0.2650000000 -0.6697900000 -1.3950000000 -0.2750000000 -0.9084070000 -1.3950000000 -0.0050000000 -0.9084070000 -1.3950000000 -0.2750000000 
 0.0856650000  0.0990730000 -1.5725200000  0.1278020000 -0.3989510000 -1.7559800000  0.1699380000 -0.8969760000 -1.9394400000  0.2120750000 -1.3950000000 -2.1229000000  0.1278020000 -0.3989510000 -1.4859800000  0.1699380000 -0.8969760000 -1.6694400000  0.2120750000 -1.3950000000 -1.8529000000  0.1699380000 -0.8969760000 -1.3994400000  0.2120750000 -1.3950000000 -1.5829000000  0.2120750000 -1.3950000000 -1.3129000000 
 0.2120750000 -1.3950000000 -2.1229000000  0.4262520000 -0.8076250000 -2.2716600000  0.6404280000 -0.2202490000 -2.4204300000  0.8546050000  0.3671260000 -2.5692000000  0.4506920000 -1.3950000000 -2.1229000000  0.6648680000 -0.8076250000 -2.2716600000  0.8790450000 -0.2202490000 -2.4204300000  0.6893080000 -1.3950000000 -2.1229000000  0.9034850000 -0.8076250000 -2.2716600000  0.9279250000 -1.3950000000 -2.1229000000 
 0.9279250000 -1.3950000000 -2.1229000000  0.9034850000 -0.8969760000 -1.9394400000  0.8790450000 -0.3989510000 -1.7559800000  0.8546050000  0.0990730000 -1.5725200000  0.9279250000 -1.3950000000 -1.8529000000  0.9034850000 -0.8969760000 -1.6694400000  0.8790450000 -0.3989510000 -1.4859800000  0.9279250000 -1.3950000000 -1.5829000000  0.9034850000 -0.8969760000 -1.3994400000  0.9279250000 -1.3950000000 -1.3129000000 
 0.8546050000  0.0990730000 -1.5725200000  0.6404280000 -0.3989510000 -1.4859800000  0.4262520000 -0.8969760000 -1.3994400000  0.2120750000 -1.3950000000 -1.3129000000  0.8790450000 -0.3989510000 -1.4859800000  0.6648680000 -0.8969760000 -1.3994400000  0.4506920000 -1.3950000000 -1.3129000000  0.9034850000 -0.8969760000 -1.3994400000  0.6893080000 -1.3950000000 -1.3129000000  0.9279250000 -1.3950000000 -1.3129000000 
 0.9279250000 -1.3950000000 -2.1229000000  0.6893080000 -1.3950000000 -1.8529000000  0.4506920000 -1.3950000000 -1.5829000000  0.2120750000 -1.3950000000 -1.3129000000  0.6893080000 -1.3950000000 -2.1229000000  0.4506920000 -1.3950000000 -1.8529000000  0.2120750000 -1.3950000000 -1.5829000000  0.4506920000 -1.3950000000 -2.1229000000  0.2120750000 -1.3950000000 -1.8529000000  0.2120750000 -1.3950000000 -2.1229000000 
-0.8213340000  0.0917160000 -1.5778400000 -0.8503580000 -0.4038560000 -1.7595300000 -0.8793830000 -0.8994280000 -1.9412100000 -0.9084070000 -1.3950000000 -2.1229000000 -0.8503580000 -0.4038560000 -1.4895300000 -0.8793830000 -0.8994280000 -1.6712100000 -0.9084070000 -1.3950000000 -1.8529000000 -0.8793830000 -0.8994280000 -1.4012100000 -0.9084070000 -1.3950000000 -1.5829000000 -0.9084070000 -1.3950000000 -1.3129000000 
-0.8213340000  0.3621780000 -2.5724200000 -0.6117420000 -0.2235480000 -2.4225800000 -0.4021490000 -0.8092740000 -2.2727400000 -0.1925570000 -1.3950000000 -2.1229000000 -0.8503580000 -0.2235480000 -2.4225800000 -0.6407660000 -0.8092740000 -2.2727400000 -0.4311740000 -1.3950000000 -2.1229000000 -0.8793830000 -0.8092740000 -2.2727400000 -0.6697900000 -1.3950000000 -2.1229000000 -0.9084070000 -1.3950000000 -2.1229000000 
-0.1925570000 -1.3950000000 -2.1229000000 -0.1585140000 -0.8994280000 -1.9412100000 -0.1244710000 -0.4038560000 -1.7595300000 -0.0904280000  0.0917160000 -1.5778400000 -0.1925570000 -1.3950000000 -1.8529000000 -0.1585140000 -0.8994280000 -1.6712100000 -0.1244710000 -0.4038560000 -1.4895300000 -0.1925570000 -1.3950000000 -1.5829000000 -0.1585140000 -0.8994280000 -1.4012100000 -0.1925570000 -1.3950000000 -1.3129000000 
-0.1925570000 -1.3950000000 -1.3129000000 -0.4021490000 -0.8994280000 -1.4012100000 -0.6117420000 -0.4038560000 -1.4895300000 -0.8213340000  0.0917160000 -1.5778400000 -0.4311740000 -1.3950000000 -1.3129000000 -0.6407660000 -0.8994280000 -1.4012100000 -0.8503580000 -0.4038560000 -1.4895300000 -0.6697900000 -1.3950000000 -1.3129000000 -0.8793830000 -0.8994280000 -1.4012100000 -0.9084070000 -1.3950000000 -1.3129000000 
-0.1925570000 -1.3950000000 -2.1229000000 -0.4311740000 -1.3950000000 -1.8529000000 -0.6697900000 -1.3950000000 -1.5829000000 -0.9084070000 -1.3950000000 -1.3129000000 -0.4311740000 -1.3950000000 -2.1229000000 -0.6697900000 -1.3950000000 -1.8529000000 -0.9084070000 -1.3950000000 -1.5829000000 -0.6697900000 -1.3950000000 -2.1229000000 -0.9084070000 -1.3950000000 -1.8529000000 -0.9084070000 -1.3950000000 -2.1229000000 
 0.0856650000  0.3671260000 -2.5692000000  0.3419780000  0.6367610000 -2.5212700000  0.5982920000  0.9063950000 -2.4733300000  0.8546050000  1.1760300000 -2.4254000000  0.3419780000  0.3671260000 -2.5692000000  0.5982920000  0.6367610000 -2.5212700000  0.8546050000  0.9063950000 -2.4733300000  0.5982920000  0.3671260000 -2.5692000000  0.8546050000  0.6367610000 -2.5212700000  0.8546050000  0.3671260000 -2.5692000000 
-0.0904280000  0.3621780000 -2.5724200000 -0.3340630000  0.6318130000 -2.5244900000 -0.5776990000  0.9014470000 -2.4765500000 -0.8213340000  1.1710800000 -2.4286200000 -0.0610790000  0.6326370000 -2.5239500000 -0.3047150000  0.9022720000 -2.4760100000 -0.5483500000  1.1719100000 -2.4280800000 -0.0317310000  0.9030970000 -2.4754800000 -0.2753660000  1.1727300000 -2.4275400000 -0.0023820000  1.1735600000 -2.4270100000 
-0.0904280000  0.0917160000 -1.5778400000 -0.3340630000  0.4479000000 -1.4979500000 -0.5776990000  0.8040840000 -1.4180600000 -0.8213340000  1.1602700000 -1.3381700000 -0.3340630000  0.0917160000 -1.5778400000 -0.5776990000  0.4479000000 -1.4979500000 -0.8213340000  0.8040840000 -1.4180600000 -0.5776990000  0.0917160000 -1.5778400000 -0.8213340000  0.4479000000 -1.4979500000 -0.8213340000  0.0917160000 -1.5778400000 
 0.8546050000  1.1676200000 -1.3328500000  0.5982920000  0.8114410000 -1.4127400000  0.3419780000  0.4552570000 -1.4926300000  0.0856650000  0.0990730000 -1.5725200000  0.8546050000  0.8114410000 -1.4127400000  0.5982920000  0.4552570000 -1.4926300000  0.3419780000  0.0990730000 -1.5725200000  0.8546050000  0.4552570000 -1.4926300000  0.5982920000  0.0990730000 -1.5725200000  0.8546050000  0.0990730000 -1.5725200000 
 0.8546050000  0.0990730000 -1.5725200000  0.8546050000  0.4580590000 -1.8568100000  0.8546050000  0.8170440000 -2.1411000000  0.8546050000  1.1760300000 -2.4254000000  0.8546050000  0.4552570000 -1.4926300000  0.8546050000  0.8142430000 -1.7769200000  0.8546050000  1.1732300000 -2.0612100000  0.8546050000  0.8114410000 -1.4127400000  0.8546050000  1.1704300000 -1.6970300000  0.8546050000  1.1676200000 -1.3328500000 
 0.0856650000  0.0990730000 -1.5725200000  0.0563160000  0.4572340000 -1.8573500000  0.0269670000  0.8153950000 -2.1421800000 -0.0023820000  1.1735600000 -2.4270100000  0.0856650000  0.1884240000 -1.9047500000  0.0563160000  0.5465850000 -2.1895800000  0.0269670000  0.9047460000 -2.4744000000  0.0856650000  0.2777750000 -2.2369700000  0.0563160000  0.6359360000 -2.5218000000  0.0856650000  0.3671260000 -2.5692000000 
-0.0904280000  0.0917160000 -1.5778400000 -0.0610790000  0.4523290000 -1.8609000000 -0.0317310000  0.8129430000 -2.1439500000 -0.0023820000  1.1735600000 -2.4270100000 -0.0610790000  0.4491260000 -1.4970700000 -0.0317310000  0.8097390000 -1.7801200000 -0.0023820000  1.1703500000 -2.0631700000 -0.0317310000  0.8065360000 -1.4162900000 -0.0023820000  1.1671500000 -1.6993400000 -0.0023820000  1.1639500000 -1.3355100000 
-0.8213340000  0.0917160000 -1.5778400000 -0.8213340000  0.4515050000 -1.8614300000 -0.8213340000  0.8112930000 -2.1450300000 -0.8213340000  1.1710800000 -2.4286200000 -0.8213340000  0.1818700000 -1.9093700000 -0.8213340000  0.5416590000 -2.1929600000 -0.8213340000  0.9014470000 -2.4765500000 -0.8213340000  0.2720240000 -2.2409000000 -0.8213340000  0.6318130000 -2.5244900000 -0.8213340000  0.3621780000 -2.5724200000 
 0.8280610000  1.1891800000 -0.4687370000  0.5512470000  1.1807700000 -0.7576610000  0.2744320000  1.1723600000 -1.0465800000 -0.0023820000  1.1639500000 -1.3355100000  0.8369090000  1.1819900000 -0.7567740000  0.5600950000  1.1735800000 -1.0457000000  0.2832800000  1.1651700000 -1.3346200000  0.8457570000  1.1748100000 -1.0448100000  0.5689430000  1.1664000000 -1.3337300000  0.8546050000  1.1676200000 -1.3328500000 
-0.0023820000  1.1639500000 -1.3355100000 -0.2724890000  1.1729400000 -1.0465800000 -0.5425960000  1.1819300000 -0.7576610000 -0.8127030000  1.1909300000 -0.4687370000 -0.2753660000  1.1627200000 -1.3363900000 -0.5454730000  1.1717100000 -1.0474700000 -0.8155800000  1.1807100000 -0.7585480000 -0.5483500000  1.1614900000 -1.3372800000 -0.8184570000  1.1704900000 -1.0483600000 -0.8213340000  1.1602700000 -1.3381700000 
0.0076790000 2.5887300000 0.6303380000 -0.2657820000  2.1227900000  0.5339800000 -0.5392420000  1.6568600000  0.4376210000 -0.8127030000  1.1909300000  0.3412630000 0.0076790000 2.1222200000 0.5337010000 -0.2657820000  1.6562900000  0.4373420000 -0.5392420000  1.1903600000  0.3409840000 0.0076790000 1.6557200000 0.4370630000 -0.2657820000  1.1897900000  0.3407050000 0.0076790000 1.1892100000 0.3404260000 
0.0076790000 1.1892100000 0.3404260000 0.2811400000 1.1886400000 0.3401470000 0.5546000000 1.1880700000 0.3398690000 0.8280610000 1.1875000000 0.3395900000 0.0076790000 1.6557200000 0.4370630000 0.2811400000 1.6551500000 0.4367850000 0.5546000000 1.6545800000 0.4365060000 0.0076790000 2.1222200000 0.5337010000 0.2811400000 2.1216500000 0.5334220000 0.0076790000 2.5887300000 0.6303380000 
0.0076790000 2.5887300000 0.6303380000 0.2811400000 2.1216500000 0.5334220000 0.5546000000 1.6545800000 0.4365060000 0.8280610000 1.1875000000 0.3395900000 0.3359010000 2.6401800000 0.4716600000 0.6093620000 2.1731100000 0.3747440000 0.8828220000 1.7060400000 0.2778280000 0.6641230000 2.6916400000 0.3129810000 0.9375840000 2.2245700000 0.2160650000 0.9923450000 2.7431000000 0.1543030000 
-0.8127030000  1.1909300000  0.3412630000 -0.5392420000  1.6568600000  0.4376210000 -0.2657820000  2.1227900000  0.5339800000 0.0076790000 2.5887300000 0.6303380000 -0.8737890000  1.7092500000  0.2789430000 -0.6003290000  2.1751800000  0.3753010000 -0.3268680000  2.6411200000  0.4716600000 -0.9348760000  2.2275700000  0.2166230000 -0.6614150000  2.6935100000  0.3129810000 -0.9959620000  2.7459000000  0.1543030000 
0.8280610000 1.1875000000 0.3395900000 0.8280610000 1.1880600000 0.0701480000  0.8280610000  1.1886200000 -0.1992950000  0.8280610000  1.1891800000 -0.4687370000 0.8828220000 1.7060400000 0.2778280000 0.8828220000 1.7065900000 0.0083850000  0.8828220000  1.7071500000 -0.2610570000 0.9375840000 2.2245700000 0.2160650000  0.9375840000  2.2251300000 -0.0533770000 0.9923450000 2.7431000000 0.1543030000 
-0.8127030000  1.1909300000  0.3412630000 -0.8737890000  1.7092500000  0.2789430000 -0.9348760000  2.2275700000  0.2166230000 -0.9959620000  2.7459000000  0.1543030000 -0.8127030000  1.1909300000  0.0712630000 -0.8737890000  1.7092500000  0.0089430000 -0.9348760000  2.2275700000 -0.0533770000 -0.8127030000  1.1909300000 -0.1987370000 -0.8737890000  1.7092500000 -0.2610570000 -0.8127030000  1.1909300000 -0.4687370000 
 0.8546050000  1.1676200000 -1.3328500000  0.9005180000  1.6927800000 -0.8371310000  0.9464320000  2.2179400000 -0.3414140000 0.9923450000 2.7431000000 0.1543030000  0.8457570000  1.1748100000 -1.0448100000  0.8916700000  1.6999700000 -0.5490940000  0.9375840000  2.2251300000 -0.0533770000  0.8369090000  1.1819900000 -0.7567740000  0.8828220000  1.7071500000 -0.2610570000  0.8280610000  1.1891800000 -0.4687370000 
-0.8127030000  1.1909300000 -0.4687370000 -0.8737890000  1.7092500000 -0.2610570000 -0.9348760000  2.2275700000 -0.0533770000 -0.9959620000  2.7459000000  0.1543030000 -0.8155800000  1.1807100000 -0.7585480000 -0.8766660000  1.6990300000 -0.5508680000 -0.9377530000  2.2173500000 -0.3431880000 -0.8184570000  1.1704900000 -1.0483600000 -0.8795430000  1.6888100000 -0.8406780000 -0.8213340000  1.1602700000 -1.3381700000 
-0.9959620000  2.7459000000  0.1543030000 -0.9959620000  2.7459000000 -0.5906870000 -0.9959620000  2.7459000000 -1.3356800000 -0.9959620000  2.7459000000 -2.0806700000 -0.9377530000  2.2173500000 -0.3431880000 -0.9377530000  2.2173500000 -1.0881800000 -0.9377530000  2.2173500000 -1.8331700000 -0.8795430000  1.6888100000 -0.8406780000 -0.8795430000  1.6888100000 -1.5856700000 -0.8213340000  1.1602700000 -1.3381700000 
0.9923450000 2.7431000000 0.1543030000  0.9464320000  2.2179400000 -0.3414140000  0.9005180000  1.6927800000 -0.8371310000  0.8546050000  1.1676200000 -1.3328500000  0.9923450000  2.7431000000 -0.5906870000  0.9464320000  2.2179400000 -1.0864000000  0.9005180000  1.6927800000 -1.5821200000  0.9923450000  2.7431000000 -1.3356800000  0.9464320000  2.2179400000 -1.8313900000  0.9923450000  2.7431000000 -2.0806700000 
 0.8546050000  1.1676200000 -1.3328500000  0.8546050000  1.1704300000 -1.6970300000  0.8546050000  1.1732300000 -2.0612100000  0.8546050000  1.1760300000 -2.4254000000  0.9005180000  1.6927800000 -1.5821200000  0.9005180000  1.6955900000 -1.9463000000  0.9005180000  1.6983900000 -2.3104900000  0.9464320000  2.2179400000 -1.8313900000  0.9464320000  2.2207400000 -2.1955800000  0.9923450000  2.7431000000 -2.0806700000 
-0.8213340000  1.1602700000 -1.3381700000 -0.8795430000  1.6888100000 -1.5856700000 -0.9377530000  2.2173500000 -1.8331700000 -0.9959620000  2.7459000000 -2.0806700000 -0.8213340000  1.1638700000 -1.7016500000 -0.8795430000  1.6924200000 -1.9491500000 -0.9377530000  2.2209600000 -2.1966500000 -0.8213340000  1.1674800000 -2.0651300000 -0.8795430000  1.6960200000 -2.3126300000 -0.8213340000  1.1710800000 -2.4286200000 
-0.0023820000  1.1735600000 -2.4270100000 -0.0023820000  1.1759500000 -2.5947800000 -0.0023820000  1.1783500000 -2.7625500000 -0.0023820000  1.1807500000 -2.9303200000  0.2832800000  1.1743800000 -2.4264700000  0.2832800000  1.1767800000 -2.5942400000  0.2832800000  1.1791700000 -2.7620100000  0.5689430000  1.1752100000 -2.4259300000  0.5689430000  1.1776000000 -2.5937100000  0.8546050000  1.1760300000 -2.4254000000 
-0.0023820000  1.1735600000 -2.4270100000 -0.2753660000  1.1727300000 -2.4275400000 -0.5483500000  1.1719100000 -2.4280800000 -0.8213340000  1.1710800000 -2.4286200000 -0.0023820000  1.1759500000 -2.5947800000 -0.2753660000  1.1751300000 -2.5953200000 -0.5483500000  1.1743000000 -2.5958500000 -0.0023820000  1.1783500000 -2.7625500000 -0.2753660000  1.1775200000 -2.7630900000 -0.0023820000  1.1807500000 -2.9303200000 
-0.0023820000  1.1807500000 -2.9303200000 -0.0023820000  1.5234800000 -2.8919800000 -0.0023820000  1.8662200000 -2.8536300000 -0.0023820000  2.2089500000 -2.8152800000  0.2832800000  1.1791700000 -2.7620100000  0.2832800000  1.5219100000 -2.7236700000  0.2832800000  1.8646500000 -2.6853200000  0.5689430000  1.1776000000 -2.5937100000  0.5689430000  1.5203400000 -2.5553600000  0.8546050000  1.1760300000 -2.4254000000 
-0.0023820000  1.1807500000 -2.9303200000 -0.2753660000  1.1775200000 -2.7630900000 -0.5483500000  1.1743000000 -2.5958500000 -0.8213340000  1.1710800000 -2.4286200000 -0.0023820000  1.5234800000 -2.8919800000 -0.2753660000  1.5202600000 -2.7247400000 -0.5483500000  1.5170400000 -2.5575000000 -0.0023820000  1.8662200000 -2.8536300000 -0.2753660000  1.8630000000 -2.6863900000 -0.0023820000  2.2089500000 -2.8152800000 
 0.8546050000  1.1760300000 -2.4254000000  0.5689430000  1.5203400000 -2.5553600000  0.2832800000  1.8646500000 -2.6853200000 -0.0023820000  2.2089500000 -2.8152800000  0.9005180000  1.6983900000 -2.3104900000  0.6148560000  2.0427000000 -2.4404500000  0.3291940000  2.3870000000 -2.5704100000  0.9464320000  2.2207400000 -2.1955800000  0.6607690000  2.5650500000 -2.3255400000  0.9923450000  2.7431000000 -2.0806700000 
-0.8213340000  1.1710800000 -2.4286200000 -0.8795430000  1.6960200000 -2.3126300000 -0.9377530000  2.2209600000 -2.1966500000 -0.9959620000  2.7459000000 -2.0806700000 -0.5483500000  1.5170400000 -2.5575000000 -0.6065590000  2.0419800000 -2.4415200000 -0.6647690000  2.5669200000 -2.3255400000 -0.2753660000  1.8630000000 -2.6863900000 -0.3335750000  2.3879400000 -2.5704100000 -0.0023820000  2.2089500000 -2.8152800000 
-0.0023820000  2.2089500000 -2.8152800000 -0.0023820000  2.7382400000 -2.2111000000 -0.0023820000  3.2675200000 -1.6069200000 -0.0023820000  3.7968000000 -1.0027400000  0.3291940000  2.3870000000 -2.5704100000  0.3291940000  2.9162900000 -1.9662300000  0.3291940000  3.4455700000 -1.3620500000  0.6607690000  2.5650500000 -2.3255400000  0.6607690000  3.0943300000 -1.7213600000  0.9923450000  2.7431000000 -2.0806700000 
-0.0023820000  2.2089500000 -2.8152800000 -0.3335750000  2.3879400000 -2.5704100000 -0.6647690000  2.5669200000 -2.3255400000 -0.9959620000  2.7459000000 -2.0806700000 -0.0023820000  2.7382400000 -2.2111000000 -0.3335750000  2.9172200000 -1.9662300000 -0.6647690000  3.0962000000 -1.7213600000 -0.0023820000  3.2675200000 -1.6069200000 -0.3335750000  3.4465000000 -1.3620500000 -0.0023820000  3.7968000000 -1.0027400000 
 0.9923450000  2.7431000000 -2.0806700000  0.6607690000  3.0943300000 -1.7213600000  0.3291940000  3.4455700000 -1.3620500000 -0.0023820000  3.7968000000 -1.0027400000  0.9923450000  2.7431000000 -1.3356800000  0.6607690000  3.0943300000 -0.9763660000  0.3291940000  3.4455700000 -0.6170560000  0.9923450000  2.7431000000 -0.5906870000  0.6607690000  3.0943300000 -0.2313760000 0.9923450000 2.7431000000 0.1543030000 
-0.9959620000  2.7459000000 -2.0806700000 -0.9959620000  2.7459000000 -1.3356800000 -0.9959620000  2.7459000000 -0.5906870000 -0.9959620000  2.7459000000  0.1543030000 -0.6647690000  3.0962000000 -1.7213600000 -0.6647690000  3.0962000000 -0.9763660000 -0.6647690000  3.0962000000 -0.2313760000 -0.3335750000  3.4465000000 -1.3620500000 -0.3335750000  3.4465000000 -0.6170560000 -0.0023820000  3.7968000000 -1.0027400000 
-0.4589910000  0.7808990000  3.0856340000 -0.3067880000  2.6348290000  4.1750250000 -0.1545850000  5.0579540000  1.8408010000 -0.0023820000  3.7968000000 -1.0027400000 -0.6379810000  2.5683490000  3.6582670000 -0.4857780000  4.5373790000  1.8193550000 -0.3335750000  3.4465000000 -0.6170560000 -0.8169720000  4.0168030000  1.7979090000 -0.6647690000  3.0962000000 -0.2313760000 -0.9959620000  2.7459000000  0.1543030000 
-0.4589910000  0.7808990000  3.0856340000 -0.3034340000  2.4815160000  3.5154940000 -0.1478780000  3.7061030000  1.9210330000 0.0076790000 2.5887300000 0.6303380000 -0.3034340000  0.8115510000  2.9205370000 -0.1478780000  2.3992870000  3.3690890000 0.0076790000 3.5479500000 1.9774440000 -0.1478780000  0.8422050000  2.7554520000 0.0076790000 2.3170580000 3.2226840000 0.0076790000 0.8728670000 2.5903560000 
0.0076790000 2.5887300000 0.6303380000 0.1569110000 3.7055070000 1.9203190000 0.3061420000 2.4827220000 3.5140780000 0.4553740000 0.7836480000 3.0851620000 0.0076790000 3.5479500000 1.9774440000 0.1569110000 2.3998900000 3.3683810000 0.3061420000 0.8133840000 2.9202230000 0.0076790000 2.3170580000 3.2226840000 0.1569110000 0.8431210000 2.7552950000 0.0076790000 0.8728670000 2.5903560000 
-0.0023820000  3.7968000000 -1.0027400000 0.1502030000 5.0573580000 1.8400880000 0.3027890000 2.6360350000 4.1736080000 0.4553740000 0.7836480000 3.0851620000  0.3291940000  3.4455700000 -0.6170560000 0.4817790000 4.5361860000 1.8179280000 0.6343640000 2.5701640000 3.6561360000  0.6607690000  3.0943300000 -0.2313760000 0.8133550000 4.0150070000 1.7957610000 0.9923450000 2.7431000000 0.1543030000 
-0.4589910000  0.7808990000  3.0856340000 -0.3034340000  0.8115510000  2.9205370000 -0.1478780000  0.8422050000  2.7554520000 0.0076790000 0.8728670000 2.5903560000 -0.3034340000  0.7481320000  2.5038400000 -0.1478780000  0.7787840000  2.3387450000 0.0076790000 0.8094370000 2.1736510000 -0.1478780000  0.7153650000  1.9220380000 0.0076790000 0.7460170000 1.7569430000 0.0076790000 0.6825970000 1.3402360000 
0.4553740000 0.7836480000 3.0851620000 0.3061420000 0.7499660000 2.5035260000 0.1569110000 0.7162810000 1.9218800000 0.0076790000 0.6825970000 1.3402360000 0.3061420000 0.8133840000 2.9202230000 0.1569110000 0.7797020000 2.3385880000 0.0076790000 0.7460170000 1.7569430000 0.1569110000 0.8431210000 2.7552950000 0.0076790000 0.8094370000 2.1736510000 0.0076790000 0.8728670000 2.5903560000 
-0.4589910000  0.7808990000  3.0856340000 -0.5633360000  0.4964310000  3.0517190000 -0.6676800000  0.2119610000  3.0177940000 -0.7720250000 -0.0724980000  2.9838690000 -0.3067880000  0.5128460000  3.2206470000 -0.4111330000  0.2283770000  3.1867220000 -0.5154770000 -0.0560810000  3.1528060000 -0.1545850000  0.2447920000  3.3556500000 -0.2589300000 -0.0396670000  3.3217340000 -0.0023820000 -0.0232520000  3.4906620000 
0.4553740000 0.7836480000 3.0851620000 0.3027890000 0.5146790000 3.2203320000 0.1502030000 0.2457080000 3.3554930000 -0.0023820000 -0.0232520000  3.4906620000 0.5597190000 0.4991900000 3.0512450000 0.4071330000 0.2302200000 3.1864060000  0.2545480000 -0.0387500000  3.3215760000 0.6640630000 0.2147210000 3.0173210000  0.5114780000 -0.0542480000  3.1524910000  0.7684080000 -0.0697480000  2.9833970000 
0.0076790000 0.6825970000 1.3402360000 -0.1448920000  0.6197170000  1.3510290000 -0.2974640000  0.5568360000  1.3618220000 -0.4500350000  0.4939560000  1.3726150000 -0.1478780000  0.7153650000  1.9220380000 -0.3004490000  0.6524850000  1.9328310000 -0.4530200000  0.5896040000  1.9436240000 -0.3034340000  0.7481320000  2.5038400000 -0.4560060000  0.6852520000  2.5146340000 -0.4589910000  0.7808990000  3.0856340000 
0.0076790000 0.2571800000 1.1639940000 -0.1448920000  0.3361020000  1.2335360000 -0.2974640000  0.4150240000  1.3030770000 -0.4500350000  0.4939560000  1.3726150000 0.0076790000 0.3989820000 1.2227430000 -0.1448920000  0.4779140000  1.2922820000 -0.2974640000  0.5568360000  1.3618220000 0.0076790000 0.5407950000 1.2814890000 -0.1448920000  0.6197170000  1.3510290000 0.0076790000 0.6825970000 1.3402360000 
0.0076790000 0.2571800000 1.1639940000 0.0076790000 0.3989820000 1.2227430000 0.0076790000 0.5407950000 1.2814890000 0.0076790000 0.6825970000 1.3402360000 0.1574760000 0.3402020000 1.2328320000 0.1574760000 0.4820150000 1.2915780000 0.1574760000 0.6238170000 1.3503250000 0.3072730000 0.4232340000 1.3016670000 0.3072730000 0.5650370000 1.3604150000 0.4570700000 0.5062570000 1.3705040000 
-0.7720250000 -0.0724980000  2.9838690000 -0.6676800000  0.2119610000  3.0177940000 -0.5633360000  0.4964310000  3.0517190000 -0.4589910000  0.7808990000  3.0856340000 -0.6646950000  0.1163140000  2.4467850000 -0.5603500000  0.4007830000  2.4807090000 -0.4560060000  0.6852520000  2.5146340000 -0.5573650000  0.3051340000  1.9097000000 -0.4530200000  0.5896040000  1.9436240000 -0.4500350000  0.4939560000  1.3726150000 
 0.7684080000 -0.0697480000  2.9833970000 0.6646290000 0.1222570000 2.4457650000 0.5608490000 0.3142520000 1.9081350000 0.4570700000 0.5062570000 1.3705040000 0.6640630000 0.2147210000 3.0173210000 0.5602840000 0.4067160000 2.4796920000 0.4565050000 0.5987200000 1.9420600000 0.5597190000 0.4991900000 3.0512450000 0.4559390000 0.6911860000 2.5136160000 0.4553740000 0.7836480000 3.0851620000 
0.4553740000 0.7836480000 3.0851620000 0.4559390000 0.6911860000 2.5136160000 0.4565050000 0.5987200000 1.9420600000 0.4570700000 0.5062570000 1.3705040000 0.3061420000 0.7499660000 2.5035260000 0.3067080000 0.6575010000 1.9319700000 0.3072730000 0.5650370000 1.3604150000 0.1569110000 0.7162810000 1.9218800000 0.1574760000 0.6238170000 1.3503250000 0.0076790000 0.6825970000 1.3402360000 
 0.3385920000 -0.6491640000  2.7807370000  0.2249340000 -0.4405330000  3.0173840000  0.1112760000 -0.2318940000  3.2540170000 -0.0023820000 -0.0232520000  3.4906620000  0.1382460000 -0.6463150000  2.7802480000  0.0245880000 -0.4376840000  3.0168940000 -0.0890700000 -0.2290440000  3.2535280000 -0.0621000000 -0.6434660000  2.7797600000 -0.1757580000 -0.4348360000  3.0164050000 -0.2624460000 -0.6406190000  2.7792700000 
 0.3385920000 -0.6491640000  2.7807370000  0.4818640000 -0.4560210000  2.8482960000  0.6251360000 -0.2628890000  2.9158470000  0.7684080000 -0.0697480000  2.9833970000  0.2249340000 -0.4405330000  3.0173840000  0.3682060000 -0.2473910000  3.0849320000  0.5114780000 -0.0542480000  3.1524910000  0.1112760000 -0.2318940000  3.2540170000  0.2545480000 -0.0387500000  3.3215760000 -0.0023820000 -0.0232520000  3.4906620000 
0.0076790000 0.2571800000 1.1639940000 -0.0823630000 -0.0420850000  1.7024230000 -0.1724040000 -0.3413520000  2.2408520000 -0.2624460000 -0.6406190000  2.7792700000 -0.2522220000  0.1472810000  1.7706200000 -0.3422640000 -0.1519850000  2.3090490000 -0.4323060000 -0.4512500000  2.8474770000 -0.5121240000  0.0373920000  2.3772440000 -0.6021650000 -0.2618740000  2.9156730000 -0.7720250000 -0.0724980000  2.9838690000 
-0.7720250000 -0.0724980000  2.9838690000 -0.6021650000 -0.2618740000  2.9156730000 -0.4323060000 -0.4512500000  2.8474770000 -0.2624460000 -0.6406190000  2.7792700000 -0.5154770000 -0.0560810000  3.1528060000 -0.3456180000 -0.2454600000  3.0846000000 -0.1757580000 -0.4348360000  3.0164050000 -0.2589300000 -0.0396670000  3.3217340000 -0.0890700000 -0.2290440000  3.2535280000 -0.0023820000 -0.0232520000  3.4906620000 
0.0076790000 0.2571800000 1.1639940000  0.1179830000 -0.0449340000  1.7029120000  0.2282880000 -0.3470480000  2.2418290000  0.3385920000 -0.6491640000  2.7807370000 -0.0823630000 -0.0420850000  1.7024230000  0.0279420000 -0.3442000000  2.2413410000  0.1382460000 -0.6463150000  2.7802480000 -0.1724040000 -0.3413520000  2.2408520000 -0.0621000000 -0.6434660000  2.7797600000 -0.2624460000 -0.6406190000  2.7792700000 
 0.3385920000 -0.6491640000  2.7807370000  0.2282880000 -0.3470480000  2.2418290000  0.1179830000 -0.0449340000  1.7029120000 0.0076790000 0.2571800000 1.1639940000  0.4818640000 -0.4560210000  2.8482960000  0.3715600000 -0.1539070000  2.3093780000 0.2612550000 0.1482070000 1.7704610000  0.6251360000 -0.2628890000  2.9158470000 0.5148320000 0.0392250000 2.3769290000  0.7684080000 -0.0697480000  2.9833970000 
0.0076790000 0.2571800000 1.1639940000 0.1574760000 0.3402020000 1.2328320000 0.3072730000 0.4232340000 1.3016670000 0.4570700000 0.5062570000 1.3705040000 0.2612550000 0.1482070000 1.7704610000 0.4110520000 0.2312300000 1.8392990000 0.5608490000 0.3142520000 1.9081350000 0.5148320000 0.0392250000 2.3769290000 0.6646290000 0.1222570000 2.4457650000  0.7684080000 -0.0697480000  2.9833970000 
-0.4500350000  0.4939560000  1.3726150000 -0.2974640000  0.4150240000  1.3030770000 -0.1448920000  0.3361020000  1.2335360000 0.0076790000 0.2571800000 1.1639940000 -0.5573650000  0.3051340000  1.9097000000 -0.4047940000  0.2262120000  1.8401590000 -0.2522220000  0.1472810000  1.7706200000 -0.6646950000  0.1163140000  2.4467850000 -0.5121240000  0.0373920000  2.3772440000 -0.7720250000 -0.0724980000  2.9838690000 
0.0076790000 1.1892100000 0.3404260000 0.0076790000 1.1894900000 0.0707050000  0.0076790000  1.1897700000 -0.1990160000  0.0076790000  1.1900500000 -0.4687370000 0.0758110000 0.3278100000 0.1352840000  0.0758110000  0.3280890000 -0.1344370000  0.0758110000  0.3283670000 -0.4041580000  0.1439430000 -0.5335950000 -0.0698580000  0.1439430000 -0.5333160000 -0.3395790000  0.2120750000 -1.3950000000 -0.2750000000 
 0.2120750000 -1.3950000000 -0.2750000000  0.1439430000 -0.5333160000 -0.3395790000  0.0758110000  0.3283670000 -0.4041580000  0.0076790000  1.1900500000 -0.4687370000  0.4174040000 -0.5336080000 -0.3395790000  0.3492720000  0.3280760000 -0.4041580000  0.2811400000  1.1897600000 -0.4687370000  0.6227320000  0.3277840000 -0.4041580000  0.5546000000  1.1894700000 -0.4687370000  0.8280610000  1.1891800000 -0.4687370000 
 0.9279250000 -1.3950000000 -0.2750000000  0.8946370000 -0.5336080000 -0.3395790000  0.8613490000  0.3277840000 -0.4041580000  0.8280610000  1.1891800000 -0.4687370000  0.8946370000 -0.5341650000 -0.0701370000  0.8613490000  0.3272270000 -0.1347160000  0.8280610000  1.1886200000 -0.1992950000 0.8613490000 0.3266690000 0.1347270000 0.8280610000 1.1880600000 0.0701480000 0.8280610000 1.1875000000 0.3395900000 
0.8280610000 1.1875000000 0.3395900000 0.5546000000 1.1880700000 0.3398690000 0.2811400000 1.1886400000 0.3401470000 0.0076790000 1.1892100000 0.3404260000 0.6227320000 0.3266690000 0.4047270000 0.3492720000 0.3272400000 0.4050050000 0.0758110000 0.3278100000 0.4052840000  0.4174040000 -0.5341650000  0.4698630000  0.1439430000 -0.5335950000  0.4701420000  0.2120750000 -1.3950000000  0.5350000000 
 0.9279250000 -1.3950000000 -0.2750000000  0.9279250000 -1.3950000000 -0.0050000000  0.9279250000 -1.3950000000  0.2650000000  0.9279250000 -1.3950000000  0.5350000000  0.6893080000 -1.3950000000 -0.0050000000  0.6893080000 -1.3950000000  0.2650000000  0.6893080000 -1.3950000000  0.5350000000  0.4506920000 -1.3950000000  0.2650000000  0.4506920000 -1.3950000000  0.5350000000  0.2120750000 -1.3950000000  0.5350000000 
-0.8127030000  1.1909300000  0.3412630000 -0.8127030000  1.1909300000  0.0712630000 -0.8127030000  1.1909300000 -0.1987370000 -0.8127030000  1.1909300000 -0.4687370000 -0.8446040000  0.3289510000  0.1358420000 -0.8446040000  0.3289510000 -0.1341580000 -0.8446040000  0.3289510000 -0.4041580000 -0.8765060000 -0.5330250000 -0.0695790000 -0.8765060000 -0.5330250000 -0.3395790000 -0.9084070000 -1.3950000000 -0.2750000000 
-0.8127030000  1.1909300000 -0.4687370000 -0.5392420000  1.1906300000 -0.4687370000 -0.2657820000  1.1903400000 -0.4687370000  0.0076790000  1.1900500000 -0.4687370000 -0.6059880000  0.3289510000 -0.4041580000 -0.3325270000  0.3286590000 -0.4041580000 -0.0590660000  0.3283670000 -0.4041580000 -0.3992720000 -0.5330250000 -0.3395790000 -0.1258120000 -0.5333160000 -0.3395790000 -0.1925570000 -1.3950000000 -0.2750000000 
-0.1925570000 -1.3950000000 -0.2750000000 -0.1258120000 -0.5333160000 -0.3395790000 -0.0590660000  0.3283670000 -0.4041580000  0.0076790000  1.1900500000 -0.4687370000 -0.1258120000 -0.5335950000 -0.0698580000 -0.0590660000  0.3280890000 -0.1344370000  0.0076790000  1.1897700000 -0.1990160000 -0.0590660000  0.3278100000  0.1352840000 0.0076790000 1.1894900000 0.0707050000 0.0076790000 1.1892100000 0.3404260000 
-0.1881450000 -1.3875800000  0.5330210000 -0.1228700000 -0.5286480000  0.4688230000 -0.0575960000  0.3302830000  0.4046240000 0.0076790000 1.1892100000 0.3404260000 -0.3963310000 -0.5280780000  0.4691020000 -0.3310560000  0.3308540000  0.4049030000 -0.2657820000  1.1897900000  0.3407050000 -0.6045170000  0.3314240000  0.4051820000 -0.5392420000  1.1903600000  0.3409840000 -0.8127030000  1.1909300000  0.3412630000 
-0.1925570000 -1.3950000000 -0.2750000000 -0.1910860000 -1.3925300000 -0.0056600000 -0.1896160000 -1.3900500000  0.2636810000 -0.1881450000 -1.3875800000  0.5330210000 -0.4311740000 -1.3950000000 -0.0050000000 -0.4297030000 -1.3925300000  0.2643400000 -0.4282320000 -1.3900500000  0.5336810000 -0.6697900000 -1.3950000000  0.2650000000 -0.6683200000 -1.3925300000  0.5343400000 -0.9084070000 -1.3950000000  0.5350000000 
 0.0856650000  0.0990730000 -1.5725200000  0.0856650000  0.1884240000 -1.9047500000  0.0856650000  0.2777750000 -2.2369700000  0.0856650000  0.3671260000 -2.5692000000  0.1278020000 -0.3989510000 -1.7559800000  0.1278020000 -0.3096000000 -2.0882100000  0.1278020000 -0.2202490000 -2.4204300000  0.1699380000 -0.8969760000 -1.9394400000  0.1699380000 -0.8076250000 -2.2716600000  0.2120750000 -1.3950000000 -2.1229000000 
 0.2120750000 -1.3950000000 -2.1229000000  0.1699380000 -0.8076250000 -2.2716600000  0.1278020000 -0.2202490000 -2.4204300000  0.0856650000  0.3671260000 -2.5692000000  0.4262520000 -0.8076250000 -2.2716600000  0.3841150000 -0.2202490000 -2.4204300000  0.3419780000  0.3671260000 -2.5692000000  0.6404280000 -0.2202490000 -2.4204300000  0.5982920000  0.3671260000 -2.5692000000  0.8546050000  0.3671260000 -2.5692000000 
 0.9279250000 -1.3950000000 -2.1229000000  0.9034850000 -0.8076250000 -2.2716600000  0.8790450000 -0.2202490000 -2.4204300000  0.8546050000  0.3671260000 -2.5692000000  0.9034850000 -0.8969760000 -1.9394400000  0.8790450000 -0.3096000000 -2.0882100000  0.8546050000  0.2777750000 -2.2369700000  0.8790450000 -0.3989510000 -1.7559800000  0.8546050000  0.1884240000 -1.9047500000  0.8546050000  0.0990730000 -1.5725200000 
 0.8546050000  0.0990730000 -1.5725200000  0.5982920000  0.0990730000 -1.5725200000  0.3419780000  0.0990730000 -1.5725200000  0.0856650000  0.0990730000 -1.5725200000  0.6404280000 -0.3989510000 -1.4859800000  0.3841150000 -0.3989510000 -1.4859800000  0.1278020000 -0.3989510000 -1.4859800000  0.4262520000 -0.8969760000 -1.3994400000  0.1699380000 -0.8969760000 -1.3994400000  0.2120750000 -1.3950000000 -1.3129000000 
 0.9279250000 -1.3950000000 -2.1229000000  0.9279250000 -1.3950000000 -1.8529000000  0.9279250000 -1.3950000000 -1.5829000000  0.9279250000 -1.3950000000 -1.3129000000  0.6893080000 -1.3950000000 -1.8529000000  0.6893080000 -1.3950000000 -1.5829000000  0.6893080000 -1.3950000000 -1.3129000000  0.4506920000 -1.3950000000 -1.5829000000  0.4506920000 -1.3950000000 -1.3129000000  0.2120750000 -1.3950000000 -1.3129000000 
-0.8213340000  0.0917160000 -1.5778400000 -0.8213340000  0.1818700000 -1.9093700000 -0.8213340000  0.2720240000 -2.2409000000 -0.8213340000  0.3621780000 -2.5724200000 -0.8503580000 -0.4038560000 -1.7595300000 -0.8503580000 -0.3137020000 -2.0910500000 -0.8503580000 -0.2235480000 -2.4225800000 -0.8793830000 -0.8994280000 -1.9412100000 -0.8793830000 -0.8092740000 -2.2727400000 -0.9084070000 -1.3950000000 -2.1229000000 
-0.8213340000  0.3621780000 -2.5724200000 -0.5776990000  0.3621780000 -2.5724200000 -0.3340630000  0.3621780000 -2.5724200000 -0.0904280000  0.3621780000 -2.5724200000 -0.6117420000 -0.2235480000 -2.4225800000 -0.3681060000 -0.2235480000 -2.4225800000 -0.1244710000 -0.2235480000 -2.4225800000 -0.4021490000 -0.8092740000 -2.2727400000 -0.1585140000 -0.8092740000 -2.2727400000 -0.1925570000 -1.3950000000 -2.1229000000 
-0.1925570000 -1.3950000000 -2.1229000000 -0.1585140000 -0.8092740000 -2.2727400000 -0.1244710000 -0.2235480000 -2.4225800000 -0.0904280000  0.3621780000 -2.5724200000 -0.1585140000 -0.8994280000 -1.9412100000 -0.1244710000 -0.3137020000 -2.0910500000 -0.0904280000  0.2720240000 -2.2409000000 -0.1244710000 -0.4038560000 -1.7595300000 -0.0904280000  0.1818700000 -1.9093700000 -0.0904280000  0.0917160000 -1.5778400000 
-0.1925570000 -1.3950000000 -1.3129000000 -0.1585140000 -0.8994280000 -1.4012100000 -0.1244710000 -0.4038560000 -1.4895300000 -0.0904280000  0.0917160000 -1.5778400000 -0.4021490000 -0.8994280000 -1.4012100000 -0.3681060000 -0.4038560000 -1.4895300000 -0.3340630000  0.0917160000 -1.5778400000 -0.6117420000 -0.4038560000 -1.4895300000 -0.5776990000  0.0917160000 -1.5778400000 -0.8213340000  0.0917160000 -1.5778400000 
-0.1925570000 -1.3950000000 -2.1229000000 -0.1925570000 -1.3950000000 -1.8529000000 -0.1925570000 -1.3950000000 -1.5829000000 -0.1925570000 -1.3950000000 -1.3129000000 -0.4311740000 -1.3950000000 -1.8529000000 -0.4311740000 -1.3950000000 -1.5829000000 -0.4311740000 -1.3950000000 -1.3129000000 -0.6697900000 -1.3950000000 -1.5829000000 -0.6697900000 -1.3950000000 -1.3129000000 -0.9084070000 -1.3950000000 -1.3129000000 
 0.0856650000  0.3671260000 -2.5692000000  0.0563160000  0.6359360000 -2.5218000000  0.0269670000  0.9047460000 -2.4744000000 -0.0023820000  1.1735600000 -2.4270100000  0.3419780000  0.6367610000 -2.5212700000  0.3126290000  0.9055710000 -2.4738700000  0.2832800000  1.1743800000 -2.4264700000  0.5982920000  0.9063950000 -2.4733300000  0.5689430000  1.1752100000 -2.4259300000  0.8546050000  1.1760300000 -2.4254000000 
-0.0904280000  0.3621780000 -2.5724200000 -0.3340630000  0.3621780000 -2.5724200000 -0.5776990000  0.3621780000 -2.5724200000 -0.8213340000  0.3621780000 -2.5724200000 -0.3340630000  0.6318130000 -2.5244900000 -0.5776990000  0.6318130000 -2.5244900000 -0.8213340000  0.6318130000 -2.5244900000 -0.5776990000  0.9014470000 -2.4765500000 -0.8213340000  0.9014470000 -2.4765500000 -0.8213340000  1.1710800000 -2.4286200000 
-0.0904280000  0.0917160000 -1.5778400000 -0.0610790000  0.4491260000 -1.4970700000 -0.0317310000  0.8065360000 -1.4162900000 -0.0023820000  1.1639500000 -1.3355100000 -0.3340630000  0.4479000000 -1.4979500000 -0.3047150000  0.8053100000 -1.4171700000 -0.2753660000  1.1627200000 -1.3363900000 -0.5776990000  0.8040840000 -1.4180600000 -0.5483500000  1.1614900000 -1.3372800000 -0.8213340000  1.1602700000 -1.3381700000 
 0.8546050000  1.1676200000 -1.3328500000  0.5689430000  1.1664000000 -1.3337300000  0.2832800000  1.1651700000 -1.3346200000 -0.0023820000  1.1639500000 -1.3355100000  0.5982920000  0.8114410000 -1.4127400000  0.3126290000  0.8102150000 -1.4136300000  0.0269670000  0.8089880000 -1.4145100000  0.3419780000  0.4552570000 -1.4926300000  0.0563160000  0.4540310000 -1.4935200000  0.0856650000  0.0990730000 -1.5725200000 
 0.8546050000  0.0990730000 -1.5725200000  0.8546050000  0.1884240000 -1.9047500000  0.8546050000  0.2777750000 -2.2369700000  0.8546050000  0.3671260000 -2.5692000000  0.8546050000  0.4580590000 -1.8568100000  0.8546050000  0.5474100000 -2.1890400000  0.8546050000  0.6367610000 -2.5212700000  0.8546050000  0.8170440000 -2.1411000000  0.8546050000  0.9063950000 -2.4733300000  0.8546050000  1.1760300000 -2.4254000000 
 0.0856650000  0.0990730000 -1.5725200000  0.0563160000  0.4540310000 -1.4935200000  0.0269670000  0.8089880000 -1.4145100000 -0.0023820000  1.1639500000 -1.3355100000  0.0563160000  0.4572340000 -1.8573500000  0.0269670000  0.8121920000 -1.7783500000 -0.0023820000  1.1671500000 -1.6993400000  0.0269670000  0.8153950000 -2.1421800000 -0.0023820000  1.1703500000 -2.0631700000 -0.0023820000  1.1735600000 -2.4270100000 
-0.0904280000  0.0917160000 -1.5778400000 -0.0904280000  0.1818700000 -1.9093700000 -0.0904280000  0.2720240000 -2.2409000000 -0.0904280000  0.3621780000 -2.5724200000 -0.0610790000  0.4523290000 -1.8609000000 -0.0610790000  0.5424830000 -2.1924200000 -0.0610790000  0.6326370000 -2.5239500000 -0.0317310000  0.8129430000 -2.1439500000 -0.0317310000  0.9030970000 -2.4754800000 -0.0023820000  1.1735600000 -2.4270100000 
-0.8213340000  0.0917160000 -1.5778400000 -0.8213340000  0.4479000000 -1.4979500000 -0.8213340000  0.8040840000 -1.4180600000 -0.8213340000  1.1602700000 -1.3381700000 -0.8213340000  0.4515050000 -1.8614300000 -0.8213340000  0.8076890000 -1.7815400000 -0.8213340000  1.1638700000 -1.7016500000 -0.8213340000  0.8112930000 -2.1450300000 -0.8213340000  1.1674800000 -2.0651300000 -0.8213340000  1.1710800000 -2.4286200000 
 0.8280610000  1.1891800000 -0.4687370000  0.5546000000  1.1894700000 -0.4687370000  0.2811400000  1.1897600000 -0.4687370000  0.0076790000  1.1900500000 -0.4687370000  0.5512470000  1.1807700000 -0.7576610000  0.2777860000  1.1810600000 -0.7576610000  0.0043250000  1.1813500000 -0.7576610000  0.2744320000  1.1723600000 -1.0465800000  0.0009720000  1.1726500000 -1.0465800000 -0.0023820000  1.1639500000 -1.3355100000 
-0.0023820000  1.1639500000 -1.3355100000  0.0009720000  1.1726500000 -1.0465800000  0.0043250000  1.1813500000 -0.7576610000  0.0076790000  1.1900500000 -0.4687370000 -0.2724890000  1.1729400000 -1.0465800000 -0.2691350000  1.1816400000 -0.7576610000 -0.2657820000  1.1903400000 -0.4687370000 -0.5425960000  1.1819300000 -0.7576610000 -0.5392420000  1.1906300000 -0.4687370000 -0.8127030000  1.1909300000 -0.4687370000 
-0.4589910000  0.7808990000  3.0856340000 -0.3067880000  0.5128460000  3.2206470000 -0.1545850000  0.2447920000  3.3556500000 -0.0023820000 -0.0232520000  3.4906620000 -0.3067880000  2.6348290000  4.1750250000 -0.1545850000  2.5154950000  4.4504130000 -0.0023820000  2.3961600000  4.7258030000 -0.1545850000  5.0579540000  1.8408010000 -0.0023820000  5.3093290000  2.0047850000 -0.0023820000  3.7968000000 -1.0027400000 
-0.4589910000  0.7808990000  3.0856340000 -0.6379810000  2.5683490000  3.6582670000 -0.8169720000  4.0168030000  1.7979090000 -0.9959620000  2.7459000000  0.1543030000 -0.3034340000  2.4815160000  3.5154940000 -0.4824250000  3.8614540000  1.8594710000 -0.6614150000  2.6935100000  0.3129810000 -0.1478780000  3.7061030000  1.9210330000 -0.3268680000  2.6411200000  0.4716600000 0.0076790000 2.5887300000 0.6303380000 
0.0076790000 2.5887300000 0.6303380000 0.3359010000 2.6401800000 0.4716600000 0.6641230000 2.6916400000 0.3129810000 0.9923450000 2.7431000000 0.1543030000 0.1569110000 3.7055070000 1.9203190000 0.4851330000 3.8602540000 1.8580360000 0.8133550000 4.0150070000 1.7957610000 0.3061420000 2.4827220000 3.5140780000 0.6343640000 2.5701640000 3.6561360000 0.4553740000 0.7836480000 3.0851620000 
-0.0023820000  3.7968000000 -1.0027400000 -0.0023820000  5.3093290000  2.0047850000 -0.0023820000  2.3961600000  4.7258030000 -0.0023820000 -0.0232520000  3.4906620000 0.1502030000 5.0573580000 1.8400880000 0.1502030000 2.5160980000 4.4497060000 0.1502030000 0.2457080000 3.3554930000 0.3027890000 2.6360350000 4.1736080000 0.3027890000 0.5146790000 3.2203320000 0.4553740000 0.7836480000 3.0851620000 