4.0239820000 4.9268050000 0.9473100000 -2.5190820000  3.9516710000  0.3157700000 -2.4768380000 -3.0004540000 -0.3157700000  5.6114370000 -3.0444530000 -0.9473100000 -2.5190820000  3.9516710000  0.9473100000 -2.4768380000 -3.0004540000  0.3157700000  5.6114370000 -3.0444530000 -0.3157700000 -2.4768380000 -3.0004540000  0.9473100000  5.6114380000 -3.0444540000  0.3157700000  5.6114380000 -3.0444540000  0.9473100000 
 4.0239820000  4.9268060000 -0.9473100000 -1.3734760000  3.2902550000 -0.9473100000 -0.1856280000 -1.6776240000 -0.9473100000  3.0059060000 -0.0511070000 -0.9473090000 -2.5190830000  3.9516710000 -0.9473100000 -1.3312310000 -2.3390380000 -0.9473100000  3.8744160000 -1.0488880000 -0.9473090000 -2.4768380000 -3.0004540000 -0.9473100000  4.7429260000 -2.0466690000 -0.9473090000  5.6114370000 -3.0444530000 -0.9473100000 
 4.0330320000  0.9583260000 -0.9473110000  0.9177310000  1.9674260000 -0.3157700000  0.9599750000 -1.0162090000  0.3157700000  3.0059060000 -0.0511080000  0.9473110000  0.9177310000  1.9674250000 -0.9473100000  0.9599750000 -1.0162090000 -0.3157700000  3.0059060000 -0.0511080000  0.3157710000  0.9599760000 -1.0162090000 -0.9473100000  3.0059060000 -0.0511080000 -0.3157690000  3.0059060000 -0.0511070000 -0.9473090000 
4.0330320000 0.9583260000 0.9473090000 -0.2278730000  2.6288400000  0.9473100000 -1.3312320000 -2.3390380000  0.9473100000  5.6114380000 -3.0444540000  0.9473100000 0.9177310000 1.9674260000 0.9473100000 -0.1856280000 -1.6776240000  0.9473100000  4.7429260000 -2.0466700000  0.9473110000  0.9599750000 -1.0162090000  0.9473100000  3.8744160000 -1.0488890000  0.9473110000  3.0059060000 -0.0511080000  0.9473110000 
 3.0059060000 -0.0511070000 -0.9473090000  3.8744160000 -1.0488880000 -0.3157690000  4.7429260000 -2.0466700000  0.3157710000  5.6114380000 -3.0444540000  0.9473100000  3.8744160000 -1.0488880000 -0.9473090000  4.7429260000 -2.0466700000 -0.3157690000  5.6114380000 -3.0444540000  0.3157700000  4.7429260000 -2.0466690000 -0.9473090000  5.6114370000 -3.0444530000 -0.3157700000  5.6114370000 -3.0444530000 -0.9473100000 
 4.0239820000  4.9268060000 -0.9473100000  4.0269990000  3.6039770000 -0.3157700000 4.0300160000 2.2811510000 0.3157700000 4.0330320000 0.9583260000 0.9473090000  4.0269990000  3.6039770000 -0.9473100000  4.0300150000  2.2811510000 -0.3157700000 4.0330320000 0.9583260000 0.3157690000  4.0300150000  2.2811520000 -0.9473100000  4.0330320000  0.9583260000 -0.3157710000  4.0330320000  0.9583260000 -0.9473110000 
4.0239820000 4.9268050000 0.9473100000 4.0239820000 4.9268050000 0.3157700000  4.0239820000  4.9268050000 -0.3157700000  4.0239820000  4.9268060000 -0.9473100000 -2.5190820000  3.9516710000  0.3157700000 -2.5190820000  3.9516710000 -0.3157700000 -2.5190830000  3.9516710000 -0.9473100000 -2.4768380000 -3.0004540000 -0.3157700000 -2.4768380000 -3.0004540000 -0.9473100000  5.6114370000 -3.0444530000 -0.9473100000 
 4.0239820000  4.9268060000 -0.9473100000  4.0269990000  3.6039770000 -0.9473100000  4.0300150000  2.2811520000 -0.9473100000  4.0330320000  0.9583260000 -0.9473110000 -1.3734760000  3.2902550000 -0.9473100000 -0.2278730000  2.6288400000 -0.9473100000  0.9177310000  1.9674250000 -0.9473100000 -0.1856280000 -1.6776240000 -0.9473100000  0.9599760000 -1.0162090000 -0.9473100000  3.0059060000 -0.0511070000 -0.9473090000 
 4.0330320000  0.9583260000 -0.9473110000  4.0330320000  0.9583260000 -0.3157710000 4.0330320000 0.9583260000 0.3157690000 4.0330320000 0.9583260000 0.9473090000  0.9177310000  1.9674260000 -0.3157700000 0.9177310000 1.9674260000 0.3157700000 0.9177310000 1.9674260000 0.9473100000  0.9599750000 -1.0162090000  0.3157700000  0.9599750000 -1.0162090000  0.9473100000  3.0059060000 -0.0511080000  0.9473110000 
4.0330320000 0.9583260000 0.9473090000 4.0300160000 2.2811510000 0.9473100000 4.0269990000 3.6039770000 0.9473100000 4.0239820000 4.9268050000 0.9473100000 -0.2278730000  2.6288400000  0.9473100000 -1.3734760000  3.2902550000  0.9473100000 -2.5190820000  3.9516710000  0.9473100000 -1.3312320000 -2.3390380000  0.9473100000 -2.4768380000 -3.0004540000  0.9473100000  5.6114380000 -3.0444540000  0.9473100000 
 3.0059060000 -0.0511070000 -0.9473090000  3.0059060000 -0.0511080000 -0.3157690000  3.0059060000 -0.0511080000  0.3157710000  3.0059060000 -0.0511080000  0.9473110000  3.8744160000 -1.0488880000 -0.3157690000  3.8744160000 -1.0488880000  0.3157710000  3.8744160000 -1.0488890000  0.9473110000  4.7429260000 -2.0466700000  0.3157710000  4.7429260000 -2.0466700000  0.9473110000  5.6114380000 -3.0444540000  0.9473100000 
 4.0239820000  4.9268060000 -0.9473100000  4.0239820000  4.9268050000 -0.3157700000 4.0239820000 4.9268050000 0.3157700000 4.0239820000 4.9268050000 0.9473100000  4.0269990000  3.6039770000 -0.3157700000 4.0269990000 3.6039770000 0.3157700000 4.0269990000 3.6039770000 0.9473100000 4.0300160000 2.2811510000 0.3157700000 4.0300160000 2.2811510000 0.9473100000 4.0330320000 0.9583260000 0.9473090000 