-1.9895080000  4.7379620000  0.9473100000 -1.9895080000  1.4176220000  0.3157700000 -1.9895080000 -1.9027180000 -0.3157700000 -1.9895080000 -5.2230580000 -0.9473100000 -1.9895080000  1.4176220000  0.9473100000 -1.9895080000 -1.9027180000  0.3157700000 -1.9895080000 -5.2230580000 -0.3157700000 -1.9895080000 -1.9027180000  0.9473100000 -1.9895080000 -5.2230580000  0.3157700000 -1.9895080000 -5.2230580000  0.9473100000 
-1.9895080000  4.7379620000 -0.9473100000 -0.6666783333  1.4176220000 -0.9473100000  0.6561513333 -1.9027180000 -0.9473100000  1.9789810000 -5.2230580000 -0.9473100000 -1.9895080000  1.4176220000 -0.9473100000 -0.6666783333 -1.9027180000 -0.9473100000  0.6561513333 -5.2230580000 -0.9473100000 -1.9895080000 -1.9027180000 -0.9473100000 -0.6666783333 -5.2230580000 -0.9473100000 -1.9895080000 -5.2230580000 -0.9473100000 
 1.9789810000  4.7379620000 -0.9473100000  1.9789810000  1.4176220000 -0.3157700000  1.9789810000 -1.9027180000  0.3157700000  1.9789810000 -5.2230580000  0.9473100000  1.9789810000  1.4176220000 -0.9473100000  1.9789810000 -1.9027180000 -0.3157700000  1.9789810000 -5.2230580000  0.3157700000  1.9789810000 -1.9027180000 -0.9473100000  1.9789810000 -5.2230580000 -0.3157700000  1.9789810000 -5.2230580000 -0.9473100000 
1.9789810000 4.7379620000 0.9473100000 0.6561513333 1.4176220000 0.9473100000 -0.6666783333 -1.9027180000  0.9473100000 -1.9895080000 -5.2230580000  0.9473100000 1.9789810000 1.4176220000 0.9473100000  0.6561513333 -1.9027180000  0.9473100000 -0.6666783333 -5.2230580000  0.9473100000  1.9789810000 -1.9027180000  0.9473100000  0.6561513333 -5.2230580000  0.9473100000  1.9789810000 -5.2230580000  0.9473100000 
 1.9789810000 -5.2230580000 -0.9473100000  0.6561513333 -5.2230580000 -0.3157700000 -0.6666783333 -5.2230580000  0.3157700000 -1.9895080000 -5.2230580000  0.9473100000  0.6561513333 -5.2230580000 -0.9473100000 -0.6666783333 -5.2230580000 -0.3157700000 -1.9895080000 -5.2230580000  0.3157700000 -0.6666783333 -5.2230580000 -0.9473100000 -1.9895080000 -5.2230580000 -0.3157700000 -1.9895080000 -5.2230580000 -0.9473100000 
-1.9895080000  4.7379620000 -0.9473100000 -0.6666783333  4.7379620000 -0.3157700000 0.6561513333 4.7379620000 0.3157700000 1.9789810000 4.7379620000 0.9473100000 -0.6666783333  4.7379620000 -0.9473100000  0.6561513333  4.7379620000 -0.3157700000 1.9789810000 4.7379620000 0.3157700000  0.6561513333  4.7379620000 -0.9473100000  1.9789810000  4.7379620000 -0.3157700000  1.9789810000  4.7379620000 -0.9473100000 
-1.9895080000  4.7379620000  0.9473100000 -1.9895080000  4.7379620000  0.3157700000 -1.9895080000  4.7379620000 -0.3157700000 -1.9895080000  4.7379620000 -0.9473100000 -1.9895080000  1.4176220000  0.3157700000 -1.9895080000  1.4176220000 -0.3157700000 -1.9895080000  1.4176220000 -0.9473100000 -1.9895080000 -1.9027180000 -0.3157700000 -1.9895080000 -1.9027180000 -0.9473100000 -1.9895080000 -5.2230580000 -0.9473100000 
-1.9895080000  4.7379620000 -0.9473100000 -0.6666783333  4.7379620000 -0.9473100000  0.6561513333  4.7379620000 -0.9473100000  1.9789810000  4.7379620000 -0.9473100000 -0.6666783333  1.4176220000 -0.9473100000  0.6561513333  1.4176220000 -0.9473100000  1.9789810000  1.4176220000 -0.9473100000  0.6561513333 -1.9027180000 -0.9473100000  1.9789810000 -1.9027180000 -0.9473100000  1.9789810000 -5.2230580000 -0.9473100000 
 1.9789810000  4.7379620000 -0.9473100000  1.9789810000  4.7379620000 -0.3157700000 1.9789810000 4.7379620000 0.3157700000 1.9789810000 4.7379620000 0.9473100000  1.9789810000  1.4176220000 -0.3157700000 1.9789810000 1.4176220000 0.3157700000 1.9789810000 1.4176220000 0.9473100000  1.9789810000 -1.9027180000  0.3157700000  1.9789810000 -1.9027180000  0.9473100000  1.9789810000 -5.2230580000  0.9473100000 
1.9789810000 4.7379620000 0.9473100000 0.6561513333 4.7379620000 0.9473100000 -0.6666783333  4.7379620000  0.9473100000 -1.9895080000  4.7379620000  0.9473100000 0.6561513333 1.4176220000 0.9473100000 -0.6666783333  1.4176220000  0.9473100000 -1.9895080000  1.4176220000  0.9473100000 -0.6666783333 -1.9027180000  0.9473100000 -1.9895080000 -1.9027180000  0.9473100000 -1.9895080000 -5.2230580000  0.9473100000 
 1.9789810000 -5.2230580000 -0.9473100000  1.9789810000 -5.2230580000 -0.3157700000  1.9789810000 -5.2230580000  0.3157700000  1.9789810000 -5.2230580000  0.9473100000  0.6561513333 -5.2230580000 -0.3157700000  0.6561513333 -5.2230580000  0.3157700000  0.6561513333 -5.2230580000  0.9473100000 -0.6666783333 -5.2230580000  0.3157700000 -0.6666783333 -5.2230580000  0.9473100000 -1.9895080000 -5.2230580000  0.9473100000 
-1.9895080000  4.7379620000 -0.9473100000 -1.9895080000  4.7379620000 -0.3157700000 -1.9895080000  4.7379620000  0.3157700000 -1.9895080000  4.7379620000  0.9473100000 -0.6666783333  4.7379620000 -0.3157700000 -0.6666783333  4.7379620000  0.3157700000 -0.6666783333  4.7379620000  0.9473100000 0.6561513333 4.7379620000 0.3157700000 0.6561513333 4.7379620000 0.9473100000 1.9789810000 4.7379620000 0.9473100000 
