 0.0000000000 -0.1629430000 -0.0297200000  0.0000000000 -0.1642993333 -0.1040263333  0.0000000000 -0.1656556667 -0.1783326667  0.0000000000 -0.1670120000 -0.2526390000  0.0191610000 -0.1948100000 -0.0761926667  0.0191610000 -0.1961663333 -0.1504990000  0.0191610000 -0.1975226667 -0.2248053333  0.0383220000 -0.2266770000 -0.1226653333  0.0383220000 -0.2280333333 -0.1969716667  0.0574830000 -0.2585440000 -0.1691380000 
 0.0000000000 -0.1670120000 -0.2526390000  0.0439453333 -0.1231760000 -0.2543926667  0.0878906667 -0.0793400000 -0.2561463333  0.1318360000 -0.0355040000 -0.2579000000  0.0634856667 -0.1969430000 -0.2246116667  0.1074310000 -0.1531070000 -0.2263653333  0.1513763333 -0.1092710000 -0.2281190000  0.1269713333 -0.2268740000 -0.1965843333  0.1709166667 -0.1830380000 -0.1983380000  0.1904570000 -0.2568050000 -0.1685570000 
 0.0000000000 -0.1670120000 -0.2526390000  0.0634856667 -0.1969430000 -0.2246116667  0.1269713333 -0.2268740000 -0.1965843333  0.1904570000 -0.2568050000 -0.1685570000  0.0191610000 -0.1975226667 -0.2248053333  0.0826466667 -0.2274536667 -0.1967780000  0.1461323333 -0.2573846667 -0.1687506667  0.0383220000 -0.2280333333 -0.1969716667  0.1018076667 -0.2579643333 -0.1689443333  0.0574830000 -0.2585440000 -0.1691380000 
 0.1318360000 -0.0355040000 -0.2579000000  0.1317120000 -0.0409360000 -0.1902640000  0.1315880000 -0.0463680000 -0.1226280000  0.1314640000 -0.0518000000 -0.0549920000  0.1513763333 -0.1092710000 -0.2281190000  0.1512523333 -0.1147030000 -0.1604830000  0.1511283333 -0.1201350000 -0.0928470000  0.1709166667 -0.1830380000 -0.1983380000  0.1707926667 -0.1884700000 -0.1307020000  0.1904570000 -0.2568050000 -0.1685570000 
 0.0000000000 -0.1670120000 -0.2526390000  0.0000000000 -0.1656556667 -0.1783326667  0.0000000000 -0.1642993333 -0.1040263333  0.0000000000 -0.1629430000 -0.0297200000 -0.0191610000 -0.1975226667 -0.2248053333 -0.0191610000 -0.1961663333 -0.1504990000 -0.0191610000 -0.1948100000 -0.0761926667 -0.0383220000 -0.2280333333 -0.1969716667 -0.0383220000 -0.2266770000 -0.1226653333 -0.0574830000 -0.2585440000 -0.1691380000 
-0.0574830000 -0.2585440000 -0.1691380000 -0.1018076667 -0.2579643333 -0.1689443333 -0.1461323333 -0.2573846667 -0.1687506667 -0.1904570000 -0.2568050000 -0.1685570000 -0.0383220000 -0.2280333333 -0.1969716667 -0.0826466667 -0.2274536667 -0.1967780000 -0.1269713333 -0.2268740000 -0.1965843333 -0.0191610000 -0.1975226667 -0.2248053333 -0.0634856667 -0.1969430000 -0.2246116667  0.0000000000 -0.1670120000 -0.2526390000 
 0.1904570000 -0.2568050000 -0.1685570000  0.2107426667 -0.3672253333 -0.2002400000  0.2310283333 -0.4776456667 -0.2319230000  0.2513140000 -0.5880660000 -0.2636060000  0.1653786667 -0.3670976667 -0.2005150000  0.1856643333 -0.4775180000 -0.2321980000  0.2059500000 -0.5879383333 -0.2638810000  0.1403003333 -0.4773903333 -0.2324730000  0.1605860000 -0.5878106667 -0.2641560000  0.1152220000 -0.5876830000 -0.2644310000 
-0.1314640000 -0.0518000000 -0.0549920000 -0.1315880000 -0.0463680000 -0.1226280000 -0.1317120000 -0.0409360000 -0.1902640000 -0.1318360000 -0.0355040000 -0.2579000000 -0.1511283333 -0.1201350000 -0.0928470000 -0.1512523333 -0.1147030000 -0.1604830000 -0.1513763333 -0.1092710000 -0.2281190000 -0.1707926667 -0.1884700000 -0.1307020000 -0.1709166667 -0.1830380000 -0.1983380000 -0.1904570000 -0.2568050000 -0.1685570000 
-0.1314640000 -0.0518000000 -0.0549920000 -0.1511283333 -0.1201350000 -0.0928470000 -0.1707926667 -0.1884700000 -0.1307020000 -0.1904570000 -0.2568050000 -0.1685570000 -0.1509543333 -0.1256946667 -0.0350593333 -0.1706186667 -0.1940296667 -0.0729143333 -0.1902830000 -0.2623646667 -0.1107693333 -0.1704446667 -0.1995893333 -0.0151266667 -0.1901090000 -0.2679243333 -0.0529816667 -0.1899350000 -0.2734840000  0.0048060000 
 0.0000000000 -0.1629430000 -0.0297200000 -0.0438213333 -0.1258953333 -0.0381440000 -0.0876426667 -0.0888476667 -0.0465680000 -0.1314640000 -0.0518000000 -0.0549920000 -0.0633116667 -0.1997900000 -0.0182113333 -0.1071330000 -0.1627423333 -0.0266353333 -0.1509543333 -0.1256946667 -0.0350593333 -0.1266233333 -0.2366370000 -0.0067026667 -0.1704446667 -0.1995893333 -0.0151266667 -0.1899350000 -0.2734840000  0.0048060000 
 0.0000000000 -0.1629430000 -0.0297200000 -0.0633116667 -0.1997900000 -0.0182113333 -0.1266233333 -0.2366370000 -0.0067026667 -0.1899350000 -0.2734840000  0.0048060000 -0.0192956667 -0.1999360000 -0.0182526667 -0.0826073333 -0.2367830000 -0.0067440000 -0.1459190000 -0.2736300000  0.0047646667 -0.0385913333 -0.2369290000 -0.0067853333 -0.1019030000 -0.2737760000  0.0047233333 -0.0578870000 -0.2739220000  0.0046820000 
-0.1904570000 -0.2568050000 -0.1685570000 -0.1461323333 -0.2573846667 -0.1687506667 -0.1018076667 -0.2579643333 -0.1689443333 -0.0574830000 -0.2585440000 -0.1691380000 -0.1653786667 -0.3670976667 -0.2005150000 -0.1210540000 -0.3676773333 -0.2007086667 -0.0767293333 -0.3682570000 -0.2009023333 -0.1403003333 -0.4773903333 -0.2324730000 -0.0959756667 -0.4779700000 -0.2326666667 -0.1152220000 -0.5876830000 -0.2644310000 
-0.1904570000 -0.2568050000 -0.1685570000 -0.1653786667 -0.3670976667 -0.2005150000 -0.1403003333 -0.4773903333 -0.2324730000 -0.1152220000 -0.5876830000 -0.2644310000 -0.2107426667 -0.3672253333 -0.2002400000 -0.1856643333 -0.4775180000 -0.2321980000 -0.1605860000 -0.5878106667 -0.2641560000 -0.2310283333 -0.4776456667 -0.2319230000 -0.2059500000 -0.5879383333 -0.2638810000 -0.2513140000 -0.5880660000 -0.2636060000 
 0.1344780000 -0.5351810000  0.0194790000  0.1690783333 -0.5213856667 -0.0193656667  0.2036786667 -0.5075903333 -0.0582103333  0.2382790000 -0.4937950000 -0.0970550000  0.1286120000 -0.5228780000 -0.0197413333  0.1632123333 -0.5090826667 -0.0585860000  0.1978126667 -0.4952873333 -0.0974306667  0.1227460000 -0.5105750000 -0.0589616667  0.1573463333 -0.4967796667 -0.0978063333  0.1168800000 -0.4982720000 -0.0981820000 
-0.2513140000 -0.5880660000 -0.2636060000 -0.2469690000 -0.5566423333 -0.2080890000 -0.2426240000 -0.5252186667 -0.1525720000 -0.2382790000 -0.4937950000 -0.0970550000 -0.2310283333 -0.4776456667 -0.2319230000 -0.2266833333 -0.4462220000 -0.1764060000 -0.2223383333 -0.4147983333 -0.1208890000 -0.2107426667 -0.3672253333 -0.2002400000 -0.2063976667 -0.3358016667 -0.1447230000 -0.1904570000 -0.2568050000 -0.1685570000 
 0.0574830000 -0.2585440000 -0.1691380000  0.1018076667 -0.2579643333 -0.1689443333  0.1461323333 -0.2573846667 -0.1687506667  0.1904570000 -0.2568050000 -0.1685570000  0.0767293333 -0.3682570000 -0.2009023333  0.1210540000 -0.3676773333 -0.2007086667  0.1653786667 -0.3670976667 -0.2005150000  0.0959756667 -0.4779700000 -0.2326666667  0.1403003333 -0.4773903333 -0.2324730000  0.1152220000 -0.5876830000 -0.2644310000 
-0.1152220000 -0.5876830000 -0.2644310000 -0.1216406667 -0.5701823333 -0.1697943333 -0.1280593333 -0.5526816667 -0.0751576667 -0.1344780000 -0.5351810000  0.0194790000 -0.1283250000 -0.5878106667 -0.1696700000 -0.1347436667 -0.5703100000 -0.0750333333 -0.1411623333 -0.5528093333  0.0196033333 -0.1414280000 -0.5879383333 -0.0749090000 -0.1478466667 -0.5704376667  0.0197276667 -0.1545310000 -0.5880660000  0.0198520000 
-0.1545310000 -0.5880660000  0.0198520000 -0.1867920000 -0.5880660000 -0.0746340000 -0.2190530000 -0.5880660000 -0.1691200000 -0.2513140000 -0.5880660000 -0.2636060000 -0.1414280000 -0.5879383333 -0.0749090000 -0.1736890000 -0.5879383333 -0.1693950000 -0.2059500000 -0.5879383333 -0.2638810000 -0.1283250000 -0.5878106667 -0.1696700000 -0.1605860000 -0.5878106667 -0.2641560000 -0.1152220000 -0.5876830000 -0.2644310000 
-0.2513140000 -0.5880660000 -0.2636060000 -0.2190530000 -0.5880660000 -0.1691200000 -0.1867920000 -0.5880660000 -0.0746340000 -0.1545310000 -0.5880660000  0.0198520000 -0.2596996667 -0.5883216667 -0.1691783333 -0.2274386667 -0.5883216667 -0.0746923333 -0.1951776667 -0.5883216667  0.0197936667 -0.2680853333 -0.5885773333 -0.0747506667 -0.2358243333 -0.5885773333  0.0197353333 -0.2764710000 -0.5888330000  0.0196770000 
-0.2605490000 -0.5347440000  0.0196220000 -0.2574706667 -0.5525180000 -0.0747873333 -0.2543923333 -0.5702920000 -0.1691966667 -0.2513140000 -0.5880660000 -0.2636060000 -0.2658563333 -0.5527736667  0.0196403333 -0.2627780000 -0.5705476667 -0.0747690000 -0.2596996667 -0.5883216667 -0.1691783333 -0.2711636667 -0.5708033333  0.0196586667 -0.2680853333 -0.5885773333 -0.0747506667 -0.2764710000 -0.5888330000  0.0196770000 
-0.1344780000 -0.5351810000  0.0194790000 -0.1765016667 -0.5350353333  0.0195266667 -0.2185253333 -0.5348896667  0.0195743333 -0.2605490000 -0.5347440000  0.0196220000 -0.1818090000 -0.5530650000  0.0195450000 -0.2238326667 -0.5529193333  0.0195926667 -0.2658563333 -0.5527736667  0.0196403333 -0.2291400000 -0.5709490000  0.0196110000 -0.2711636667 -0.5708033333  0.0196586667 -0.2764710000 -0.5888330000  0.0196770000 
-0.1344780000 -0.5351810000  0.0194790000 -0.1818090000 -0.5530650000  0.0195450000 -0.2291400000 -0.5709490000  0.0196110000 -0.2764710000 -0.5888330000  0.0196770000 -0.1411623333 -0.5528093333  0.0196033333 -0.1884933333 -0.5706933333  0.0196693333 -0.2358243333 -0.5885773333  0.0197353333 -0.1478466667 -0.5704376667  0.0197276667 -0.1951776667 -0.5883216667  0.0197936667 -0.1545310000 -0.5880660000  0.0198520000 
 0.1904570000 -0.2568050000 -0.1685570000  0.1707926667 -0.1884700000 -0.1307020000  0.1511283333 -0.1201350000 -0.0928470000  0.1314640000 -0.0518000000 -0.0549920000  0.1902830000 -0.2623646667 -0.1107693333  0.1706186667 -0.1940296667 -0.0729143333  0.1509543333 -0.1256946667 -0.0350593333  0.1901090000 -0.2679243333 -0.0529816667  0.1704446667 -0.1995893333 -0.0151266667  0.1899350000 -0.2734840000  0.0048060000 
 0.0578870000 -0.2739220000  0.0046820000  0.1019030000 -0.2737760000  0.0047233333  0.1459190000 -0.2736300000  0.0047646667  0.1899350000 -0.2734840000  0.0048060000  0.0385913333 -0.2369290000 -0.0067853333  0.0826073333 -0.2367830000 -0.0067440000  0.1266233333 -0.2366370000 -0.0067026667  0.0192956667 -0.1999360000 -0.0182526667  0.0633116667 -0.1997900000 -0.0182113333  0.0000000000 -0.1629430000 -0.0297200000 
 0.1344780000 -0.5351810000  0.0194790000  0.1765016667 -0.5350353333  0.0195266667  0.2185253333 -0.5348896667  0.0195743333  0.2605490000 -0.5347440000  0.0196220000  0.1690783333 -0.5213856667 -0.0193656667  0.2111020000 -0.5212400000 -0.0193180000  0.2531256667 -0.5210943333 -0.0192703333  0.2036786667 -0.5075903333 -0.0582103333  0.2457023333 -0.5074446667 -0.0581626667  0.2382790000 -0.4937950000 -0.0970550000 
 0.0000000000 -0.1629430000 -0.0297200000  0.0191610000 -0.1948100000 -0.0761926667  0.0383220000 -0.2266770000 -0.1226653333  0.0574830000 -0.2585440000 -0.1691380000  0.0192956667 -0.1999360000 -0.0182526667  0.0384566667 -0.2318030000 -0.0647253333  0.0576176667 -0.2636700000 -0.1111980000  0.0385913333 -0.2369290000 -0.0067853333  0.0577523333 -0.2687960000 -0.0532580000  0.0578870000 -0.2739220000  0.0046820000 
 0.2605490000 -0.5347440000  0.0196220000  0.2574706667 -0.5525180000 -0.0747873333  0.2543923333 -0.5702920000 -0.1691966667  0.2513140000 -0.5880660000 -0.2636060000  0.2531256667 -0.5210943333 -0.0192703333  0.2500473333 -0.5388683333 -0.1136796667  0.2469690000 -0.5566423333 -0.2080890000  0.2457023333 -0.5074446667 -0.0581626667  0.2426240000 -0.5252186667 -0.1525720000  0.2382790000 -0.4937950000 -0.0970550000 
 0.2513140000 -0.5880660000 -0.2636060000  0.2543923333 -0.5702920000 -0.1691966667  0.2574706667 -0.5525180000 -0.0747873333  0.2605490000 -0.5347440000  0.0196220000  0.2596996667 -0.5883216667 -0.1691783333  0.2627780000 -0.5705476667 -0.0747690000  0.2658563333 -0.5527736667  0.0196403333  0.2680853333 -0.5885773333 -0.0747506667  0.2711636667 -0.5708033333  0.0196586667  0.2764710000 -0.5888330000  0.0196770000 
-0.1168800000 -0.4982720000 -0.0981820000 -0.1412316667 -0.4233426667 -0.0638526667 -0.1655833333 -0.3484133333 -0.0295233333 -0.1899350000 -0.2734840000  0.0048060000 -0.1573463333 -0.4967796667 -0.0978063333 -0.1816980000 -0.4218503333 -0.0634770000 -0.2060496667 -0.3469210000 -0.0291476667 -0.1978126667 -0.4952873333 -0.0974306667 -0.2221643333 -0.4203580000 -0.0631013333 -0.2382790000 -0.4937950000 -0.0970550000 
-0.1344780000 -0.5351810000  0.0194790000 -0.1690783333 -0.5213856667 -0.0193656667 -0.2036786667 -0.5075903333 -0.0582103333 -0.2382790000 -0.4937950000 -0.0970550000 -0.1765016667 -0.5350353333  0.0195266667 -0.2111020000 -0.5212400000 -0.0193180000 -0.2457023333 -0.5074446667 -0.0581626667 -0.2185253333 -0.5348896667  0.0195743333 -0.2531256667 -0.5210943333 -0.0192703333 -0.2605490000 -0.5347440000  0.0196220000 
-0.1344780000 -0.5351810000  0.0194790000 -0.1280593333 -0.5526816667 -0.0751576667 -0.1216406667 -0.5701823333 -0.1697943333 -0.1152220000 -0.5876830000 -0.2644310000 -0.1286120000 -0.5228780000 -0.0197413333 -0.1221933333 -0.5403786667 -0.1143780000 -0.1157746667 -0.5578793333 -0.2090146667 -0.1227460000 -0.5105750000 -0.0589616667 -0.1163273333 -0.5280756667 -0.1535983333 -0.1168800000 -0.4982720000 -0.0981820000 
-0.2382790000 -0.4937950000 -0.0970550000 -0.2221643333 -0.4203580000 -0.0631013333 -0.2060496667 -0.3469210000 -0.0291476667 -0.1899350000 -0.2734840000  0.0048060000 -0.2223383333 -0.4147983333 -0.1208890000 -0.2062236667 -0.3413613333 -0.0869353333 -0.1901090000 -0.2679243333 -0.0529816667 -0.2063976667 -0.3358016667 -0.1447230000 -0.1902830000 -0.2623646667 -0.1107693333 -0.1904570000 -0.2568050000 -0.1685570000 
 0.0578870000 -0.2739220000  0.0046820000  0.0577523333 -0.2687960000 -0.0532580000  0.0576176667 -0.2636700000 -0.1111980000  0.0574830000 -0.2585440000 -0.1691380000  0.0769986667 -0.3785090000 -0.0850223333  0.0768640000 -0.3733830000 -0.1429623333  0.0767293333 -0.3682570000 -0.2009023333  0.0961103333 -0.4830960000 -0.1747266667  0.0959756667 -0.4779700000 -0.2326666667  0.1152220000 -0.5876830000 -0.2644310000 
 0.0578870000 -0.2739220000  0.0046820000  0.0769986667 -0.3785090000 -0.0850223333  0.0961103333 -0.4830960000 -0.1747266667  0.1152220000 -0.5876830000 -0.2644310000  0.0775513333 -0.3487053333 -0.0296060000  0.0966630000 -0.4532923333 -0.1193103333  0.1157746667 -0.5578793333 -0.2090146667  0.0972156667 -0.4234886667 -0.0638940000  0.1163273333 -0.5280756667 -0.1535983333  0.1168800000 -0.4982720000 -0.0981820000 
-0.1344780000 -0.5351810000  0.0194790000 -0.1286120000 -0.5228780000 -0.0197413333 -0.1227460000 -0.5105750000 -0.0589616667 -0.1168800000 -0.4982720000 -0.0981820000 -0.1690783333 -0.5213856667 -0.0193656667 -0.1632123333 -0.5090826667 -0.0585860000 -0.1573463333 -0.4967796667 -0.0978063333 -0.2036786667 -0.5075903333 -0.0582103333 -0.1978126667 -0.4952873333 -0.0974306667 -0.2382790000 -0.4937950000 -0.0970550000 
 0.1152220000 -0.5876830000 -0.2644310000  0.1605860000 -0.5878106667 -0.2641560000  0.2059500000 -0.5879383333 -0.2638810000  0.2513140000 -0.5880660000 -0.2636060000  0.1689716667 -0.5880663333 -0.1697283333  0.2143356667 -0.5881940000 -0.1694533333  0.2596996667 -0.5883216667 -0.1691783333  0.2227213333 -0.5884496667 -0.0750256667  0.2680853333 -0.5885773333 -0.0747506667  0.2764710000 -0.5888330000  0.0196770000 
 0.1152220000 -0.5876830000 -0.2644310000  0.1689716667 -0.5880663333 -0.1697283333  0.2227213333 -0.5884496667 -0.0750256667  0.2764710000 -0.5888330000  0.0196770000  0.1283250000 -0.5878106667 -0.1696700000  0.1820746667 -0.5881940000 -0.0749673333  0.2358243333 -0.5885773333  0.0197353333  0.1414280000 -0.5879383333 -0.0749090000  0.1951776667 -0.5883216667  0.0197936667  0.1545310000 -0.5880660000  0.0198520000 
 0.1344780000 -0.5351810000  0.0194790000  0.1280593333 -0.5526816667 -0.0751576667  0.1216406667 -0.5701823333 -0.1697943333  0.1152220000 -0.5876830000 -0.2644310000  0.1411623333 -0.5528093333  0.0196033333  0.1347436667 -0.5703100000 -0.0750333333  0.1283250000 -0.5878106667 -0.1696700000  0.1478466667 -0.5704376667  0.0197276667  0.1414280000 -0.5879383333 -0.0749090000  0.1545310000 -0.5880660000  0.0198520000 
 0.2605490000 -0.5347440000  0.0196220000  0.2185253333 -0.5348896667  0.0195743333  0.1765016667 -0.5350353333  0.0195266667  0.1344780000 -0.5351810000  0.0194790000  0.2252096667 -0.5525180000  0.0196986667  0.1831860000 -0.5526636667  0.0196510000  0.1411623333 -0.5528093333  0.0196033333  0.1898703333 -0.5702920000  0.0197753333  0.1478466667 -0.5704376667  0.0197276667  0.1545310000 -0.5880660000  0.0198520000 
 0.2605490000 -0.5347440000  0.0196220000  0.2252096667 -0.5525180000  0.0196986667  0.1898703333 -0.5702920000  0.0197753333  0.1545310000 -0.5880660000  0.0198520000  0.2658563333 -0.5527736667  0.0196403333  0.2305170000 -0.5705476667  0.0197170000  0.1951776667 -0.5883216667  0.0197936667  0.2711636667 -0.5708033333  0.0196586667  0.2358243333 -0.5885773333  0.0197353333  0.2764710000 -0.5888330000  0.0196770000 
 0.1314640000 -0.0518000000 -0.0549920000  0.1315880000 -0.0463680000 -0.1226280000  0.1317120000 -0.0409360000 -0.1902640000  0.1318360000 -0.0355040000 -0.2579000000  0.1382800000 -0.0107856667 -0.1036853333  0.1384040000 -0.0053536667 -0.1713213333  0.1385280000  0.0000783333 -0.2389573333  0.1450960000  0.0302286667 -0.1523786667  0.1452200000  0.0356606667 -0.2200146667  0.1519120000  0.0712430000 -0.2010720000 
 0.1314640000 -0.0518000000 -0.0549920000  0.1382800000 -0.0107856667 -0.1036853333  0.1450960000  0.0302286667 -0.1523786667  0.1519120000  0.0712430000 -0.2010720000  0.1384233333 -0.0114406667 -0.0254360000  0.1452393333  0.0295736667 -0.0741293333  0.1520553333  0.0705880000 -0.1228226667 0.1453826667 0.0289186667 0.0041200000  0.1521986667  0.0699330000 -0.0445733333 0.1523420000 0.0692780000 0.0336760000 
-0.1318360000 -0.0355040000 -0.2579000000 -0.1317120000 -0.0409360000 -0.1902640000 -0.1315880000 -0.0463680000 -0.1226280000 -0.1314640000 -0.0518000000 -0.0549920000 -0.1386713333 -0.0005766667 -0.1607080000 -0.1385473333 -0.0060086667 -0.0930720000 -0.1384233333 -0.0114406667 -0.0254360000 -0.1455066667  0.0343506667 -0.0635160000 -0.1453826667  0.0289186667  0.0041200000 -0.1523420000  0.0692780000  0.0336760000 
-0.1318360000 -0.0355040000 -0.2579000000 -0.1386713333 -0.0005766667 -0.1607080000 -0.1455066667  0.0343506667 -0.0635160000 -0.1523420000  0.0692780000  0.0336760000 -0.1385280000  0.0000783333 -0.2389573333 -0.1453633333  0.0350056667 -0.1417653333 -0.1521986667  0.0699330000 -0.0445733333 -0.1452200000  0.0356606667 -0.2200146667 -0.1520553333  0.0705880000 -0.1228226667 -0.1519120000  0.0712430000 -0.2010720000 
-0.5356870000  0.0421050000  0.0899840000 -0.3882323333  0.1051030000  0.0700233333 -0.2407776667  0.1681010000  0.0500626667 -0.0933230000  0.2310990000  0.0301020000 -0.3968350000  0.1273700000  0.0105366667 -0.2493803333  0.1903680000 -0.0094240000 -0.1019256667  0.2533660000 -0.0293846667 -0.2579830000  0.2126350000 -0.0689106667 -0.1105283333  0.2756330000 -0.0888713333 -0.1191310000  0.2979000000 -0.1483580000 
0.4939450000 0.0247530000 0.2311440000 0.3800773333 0.0395946667 0.1653213333 0.2662096667 0.0544363333 0.0994986667 0.1523420000 0.0692780000 0.0336760000  0.4932523333 -0.0133966667  0.2291573333 0.3793846667 0.0014450000 0.1633346667 0.2655170000 0.0162866667 0.0975120000  0.4925596667 -0.0515463333  0.2271706667  0.3786920000 -0.0367046667  0.1613480000  0.4918670000 -0.0896960000  0.2251840000 
0.4939450000 0.0247530000 0.2311440000  0.4932523333 -0.0133966667  0.2291573333  0.4925596667 -0.0515463333  0.2271706667  0.4918670000 -0.0896960000  0.2251840000  0.5129343333 -0.0085483333  0.1755800000  0.5122416667 -0.0466980000  0.1735933333  0.5115490000 -0.0848476667  0.1716066667  0.5319236667 -0.0418496667  0.1200160000  0.5312310000 -0.0799993333  0.1180293333  0.5509130000 -0.0751510000  0.0644520000 
-0.1191310000  0.2979000000 -0.1483580000 -0.1105283333  0.2756330000 -0.0888713333 -0.1019256667  0.2533660000 -0.0293846667 -0.0933230000  0.2310990000  0.0301020000 -0.1124110000  0.3257270000 -0.0831980000 -0.1038083333  0.3034600000 -0.0237113333 -0.0952056667  0.2811930000  0.0357753333 -0.1056910000  0.3535540000 -0.0180380000 -0.0970883333  0.3312870000  0.0414486667 -0.0989710000  0.3813810000  0.0471220000 
0.1523420000 0.0692780000 0.0336760000 0.0507806667 0.0692780000 0.0336760000 -0.0507806667  0.0692780000  0.0336760000 -0.1523420000  0.0692780000  0.0336760000 0.0577400000 0.0289186667 0.0041200000 -0.0438213333  0.0289186667  0.0041200000 -0.1453826667  0.0289186667  0.0041200000 -0.0368620000 -0.0114406667 -0.0254360000 -0.1384233333 -0.0114406667 -0.0254360000 -0.1314640000 -0.0518000000 -0.0549920000 
-0.1519120000  0.0712430000 -0.2010720000 -0.1012746667  0.1119066667 -0.2081703333 -0.0506373333  0.1525703333 -0.2152686667  0.0000000000  0.1932340000 -0.2223670000 -0.1452200000  0.0356606667 -0.2200146667 -0.0945826667  0.0763243333 -0.2271130000 -0.0439453333  0.1169880000 -0.2342113333 -0.1385280000  0.0000783333 -0.2389573333 -0.0878906667  0.0407420000 -0.2460556667 -0.1318360000 -0.0355040000 -0.2579000000 
 0.1519120000  0.0712430000 -0.2010720000  0.1012746667  0.1119066667 -0.2081703333  0.0506373333  0.1525703333 -0.2152686667  0.0000000000  0.1932340000 -0.2223670000  0.1409850000  0.1467953333 -0.1835006667  0.0903476667  0.1874590000 -0.1905990000  0.0397103333  0.2281226667 -0.1976973333  0.1300580000  0.2223476667 -0.1659293333  0.0794206667  0.2630113333 -0.1730276667  0.1191310000  0.2979000000 -0.1483580000 
 0.0000000000  0.1932340000 -0.2223670000 -0.0506373333  0.1525703333 -0.2152686667 -0.1012746667  0.1119066667 -0.2081703333 -0.1519120000  0.0712430000 -0.2010720000 -0.0397103333  0.2281226667 -0.1976973333 -0.0903476667  0.1874590000 -0.1905990000 -0.1409850000  0.1467953333 -0.1835006667 -0.0794206667  0.2630113333 -0.1730276667 -0.1300580000  0.2223476667 -0.1659293333 -0.1191310000  0.2979000000 -0.1483580000 
-0.1523420000  0.0692780000  0.0336760000 -0.0507806667  0.0692780000  0.0336760000 0.0507806667 0.0692780000 0.0336760000 0.1523420000 0.0692780000 0.0336760000 -0.1015613333  0.0976906667  0.0350173333 0.0000000000 0.0976906667 0.0350173333 0.1015613333 0.0976906667 0.0350173333 -0.0507806667  0.1261033333  0.0363586667 0.0507806667 0.1261033333 0.0363586667 0.0000000000 0.1545160000 0.0377000000 
-0.1523420000  0.0692780000  0.0336760000 -0.1015613333  0.0976906667  0.0350173333 -0.0507806667  0.1261033333  0.0363586667 0.0000000000 0.1545160000 0.0377000000 -0.1326690000  0.1232183333  0.0324846667 -0.0818883333  0.1516310000  0.0338260000 -0.0311076667  0.1800436667  0.0351673333 -0.1129960000  0.1771586667  0.0312933333 -0.0622153333  0.2055713333  0.0326346667 -0.0933230000  0.2310990000  0.0301020000 
0.1523420000 0.0692780000 0.0336760000 0.1326690000 0.1232183333 0.0324846667 0.1129960000 0.1771586667 0.0312933333 0.0933230000 0.2310990000 0.0301020000 0.1015613333 0.0976906667 0.0350173333 0.0818883333 0.1516310000 0.0338260000 0.0622153333 0.2055713333 0.0326346667 0.0507806667 0.1261033333 0.0363586667 0.0311076667 0.1800436667 0.0351673333 0.0000000000 0.1545160000 0.0377000000 
-0.0989710000  0.3813810000  0.0471220000 -0.0970883333  0.3312870000  0.0414486667 -0.0952056667  0.2811930000  0.0357753333 -0.0933230000  0.2310990000  0.0301020000 -0.0815376667  0.3551230000  0.0759943333 -0.0796550000  0.3050290000  0.0703210000 -0.0777723333  0.2549350000  0.0646476667 -0.0641043333  0.3288650000  0.1048666667 -0.0622216667  0.2787710000  0.0991933333 -0.0466710000  0.3026070000  0.1337390000 
 0.0000000000  0.1932340000 -0.2223670000 -0.0397103333  0.2281226667 -0.1976973333 -0.0794206667  0.2630113333 -0.1730276667 -0.1191310000  0.2979000000 -0.1483580000  0.0397103333  0.2281226667 -0.1976973333  0.0000000000  0.2630113333 -0.1730276667 -0.0397103333  0.2979000000 -0.1483580000  0.0794206667  0.2630113333 -0.1730276667  0.0397103333  0.2979000000 -0.1483580000  0.1191310000  0.2979000000 -0.1483580000 
-0.5509130000 -0.0751510000  0.0644520000 -0.4180560000 -0.0270080000  0.0541933333 -0.2851990000  0.0211350000  0.0439346667 -0.1523420000  0.0692780000  0.0336760000 -0.5312310000 -0.0799993333  0.1180293333 -0.3983740000 -0.0318563333  0.1077706667 -0.2655170000  0.0162866667  0.0975120000 -0.5115490000 -0.0848476667  0.1716066667 -0.3786920000 -0.0367046667  0.1613480000 -0.4918670000 -0.0896960000  0.2251840000 
-0.4939450000  0.0247530000  0.2311440000 -0.5078590000  0.0305370000  0.1840906667 -0.5217730000  0.0363210000  0.1370373333 -0.5356870000  0.0421050000  0.0899840000 -0.5129343333 -0.0085483333  0.1755800000 -0.5268483333 -0.0027643333  0.1285266667 -0.5407623333  0.0030196667  0.0814733333 -0.5319236667 -0.0418496667  0.1200160000 -0.5458376667 -0.0360656667  0.0729626667 -0.5509130000 -0.0751510000  0.0644520000 
-0.1904570000 -0.2568050000 -0.1685570000 -0.1709166667 -0.1830380000 -0.1983380000 -0.1513763333 -0.1092710000 -0.2281190000 -0.1318360000 -0.0355040000 -0.2579000000 -0.1269713333 -0.2268740000 -0.1965843333 -0.1074310000 -0.1531070000 -0.2263653333 -0.0878906667 -0.0793400000 -0.2561463333 -0.0634856667 -0.1969430000 -0.2246116667 -0.0439453333 -0.1231760000 -0.2543926667  0.0000000000 -0.1670120000 -0.2526390000 
-0.4918670000 -0.0896960000  0.2251840000 -0.4925596667 -0.0515463333  0.2271706667 -0.4932523333 -0.0133966667  0.2291573333 -0.4939450000  0.0247530000  0.2311440000 -0.5115490000 -0.0848476667  0.1716066667 -0.5122416667 -0.0466980000  0.1735933333 -0.5129343333 -0.0085483333  0.1755800000 -0.5312310000 -0.0799993333  0.1180293333 -0.5319236667 -0.0418496667  0.1200160000 -0.5509130000 -0.0751510000  0.0644520000 
0.0000000000 0.1545160000 0.0377000000 0.0311076667 0.1800436667 0.0351673333 0.0622153333 0.2055713333 0.0326346667 0.0933230000 0.2310990000 0.0301020000 0.0155570000 0.1672320000 0.0697130000 0.0466646667 0.1927596667 0.0671803333 0.0777723333 0.2182873333 0.0646476667 0.0311140000 0.1799480000 0.1017260000 0.0622216667 0.2054756667 0.0991933333 0.0466710000 0.1926640000 0.1337390000 
0.0989710000 0.3813810000 0.0471220000 0.0504236667 0.3551230000 0.0759943333 0.0018763333 0.3288650000 0.1048666667 -0.0466710000  0.3026070000  0.1337390000 0.0815376667 0.3551230000 0.0759943333 0.0329903333 0.3288650000 0.1048666667 -0.0155570000  0.3026070000  0.1337390000 0.0641043333 0.3288650000 0.1048666667 0.0155570000 0.3026070000 0.1337390000 0.0466710000 0.3026070000 0.1337390000 
0.0989710000 0.3813810000 0.0471220000  0.1056910000  0.3535540000 -0.0180380000  0.1124110000  0.3257270000 -0.0831980000  0.1191310000  0.2979000000 -0.1483580000  0.0262703333  0.3535540000 -0.0180380000  0.0329903333  0.3257270000 -0.0831980000  0.0397103333  0.2979000000 -0.1483580000 -0.0464303333  0.3257270000 -0.0831980000 -0.0397103333  0.2979000000 -0.1483580000 -0.1191310000  0.2979000000 -0.1483580000 
-0.1191310000  0.2979000000 -0.1483580000 -0.1124110000  0.3257270000 -0.0831980000 -0.1056910000  0.3535540000 -0.0180380000 -0.0989710000  0.3813810000  0.0471220000 -0.0464303333  0.3257270000 -0.0831980000 -0.0397103333  0.3535540000 -0.0180380000 -0.0329903333  0.3813810000  0.0471220000  0.0262703333  0.3535540000 -0.0180380000 0.0329903333 0.3813810000 0.0471220000 0.0989710000 0.3813810000 0.0471220000 
0.0933230000 0.2310990000 0.0301020000  0.1019256667  0.2533660000 -0.0293846667  0.1105283333  0.2756330000 -0.0888713333  0.1191310000  0.2979000000 -0.1483580000 0.0952056667 0.2811930000 0.0357753333  0.1038083333  0.3034600000 -0.0237113333  0.1124110000  0.3257270000 -0.0831980000 0.0970883333 0.3312870000 0.0414486667  0.1056910000  0.3535540000 -0.0180380000 0.0989710000 0.3813810000 0.0471220000 
-0.1318360000 -0.0355040000 -0.2579000000 -0.0439453333 -0.0355040000 -0.2579000000  0.0439453333 -0.0355040000 -0.2579000000  0.1318360000 -0.0355040000 -0.2579000000 -0.0878906667 -0.0793400000 -0.2561463333  0.0000000000 -0.0793400000 -0.2561463333  0.0878906667 -0.0793400000 -0.2561463333 -0.0439453333 -0.1231760000 -0.2543926667  0.0439453333 -0.1231760000 -0.2543926667  0.0000000000 -0.1670120000 -0.2526390000 
 0.1318360000 -0.0355040000 -0.2579000000  0.0878906667  0.0407420000 -0.2460556667  0.0439453333  0.1169880000 -0.2342113333  0.0000000000  0.1932340000 -0.2223670000  0.1385280000  0.0000783333 -0.2389573333  0.0945826667  0.0763243333 -0.2271130000  0.0506373333  0.1525703333 -0.2152686667  0.1452200000  0.0356606667 -0.2200146667  0.1012746667  0.1119066667 -0.2081703333  0.1519120000  0.0712430000 -0.2010720000 
 0.1314640000 -0.0518000000 -0.0549920000  0.0438213333 -0.0518000000 -0.0549920000 -0.0438213333 -0.0518000000 -0.0549920000 -0.1314640000 -0.0518000000 -0.0549920000  0.0876426667 -0.0888476667 -0.0465680000  0.0000000000 -0.0888476667 -0.0465680000 -0.0876426667 -0.0888476667 -0.0465680000  0.0438213333 -0.1258953333 -0.0381440000 -0.0438213333 -0.1258953333 -0.0381440000  0.0000000000 -0.1629430000 -0.0297200000 
-0.1314640000 -0.0518000000 -0.0549920000 -0.0438213333 -0.0518000000 -0.0549920000  0.0438213333 -0.0518000000 -0.0549920000  0.1314640000 -0.0518000000 -0.0549920000 -0.0368620000 -0.0114406667 -0.0254360000  0.0507806667 -0.0114406667 -0.0254360000  0.1384233333 -0.0114406667 -0.0254360000 0.0577400000 0.0289186667 0.0041200000 0.1453826667 0.0289186667 0.0041200000 0.1523420000 0.0692780000 0.0336760000 
0.5356870000 0.0421050000 0.0899840000 0.5217730000 0.0363210000 0.1370373333 0.5078590000 0.0305370000 0.1840906667 0.4939450000 0.0247530000 0.2311440000 0.5407623333 0.0030196667 0.0814733333  0.5268483333 -0.0027643333  0.1285266667  0.5129343333 -0.0085483333  0.1755800000  0.5458376667 -0.0360656667  0.0729626667  0.5319236667 -0.0418496667  0.1200160000  0.5509130000 -0.0751510000  0.0644520000 
-0.0574830000 -0.2585440000 -0.1691380000 -0.0383220000 -0.2266770000 -0.1226653333 -0.0191610000 -0.1948100000 -0.0761926667  0.0000000000 -0.1629430000 -0.0297200000 -0.0576176667 -0.2636700000 -0.1111980000 -0.0384566667 -0.2318030000 -0.0647253333 -0.0192956667 -0.1999360000 -0.0182526667 -0.0577523333 -0.2687960000 -0.0532580000 -0.0385913333 -0.2369290000 -0.0067853333 -0.0578870000 -0.2739220000  0.0046820000 
 0.1152220000 -0.5876830000 -0.2644310000  0.1216406667 -0.5701823333 -0.1697943333  0.1280593333 -0.5526816667 -0.0751576667  0.1344780000 -0.5351810000  0.0194790000  0.1157746667 -0.5578793333 -0.2090146667  0.1221933333 -0.5403786667 -0.1143780000  0.1286120000 -0.5228780000 -0.0197413333  0.1163273333 -0.5280756667 -0.1535983333  0.1227460000 -0.5105750000 -0.0589616667  0.1168800000 -0.4982720000 -0.0981820000 
-0.0466710000  0.3026070000  0.1337390000 0.0018763333 0.3288650000 0.1048666667 0.0504236667 0.3551230000 0.0759943333 0.0989710000 0.3813810000 0.0471220000 -0.0641043333  0.3288650000  0.1048666667 -0.0155570000  0.3551230000  0.0759943333 0.0329903333 0.3813810000 0.0471220000 -0.0815376667  0.3551230000  0.0759943333 -0.0329903333  0.3813810000  0.0471220000 -0.0989710000  0.3813810000  0.0471220000 
0.0933230000 0.2310990000 0.0301020000 0.0952056667 0.2811930000 0.0357753333 0.0970883333 0.3312870000 0.0414486667 0.0989710000 0.3813810000 0.0471220000 0.0777723333 0.2182873333 0.0646476667 0.0796550000 0.2683813333 0.0703210000 0.0815376667 0.3184753333 0.0759943333 0.0622216667 0.2054756667 0.0991933333 0.0641043333 0.2555696667 0.1048666667 0.0466710000 0.1926640000 0.1337390000 
0.0000000000 0.1545160000 0.0377000000 -0.0155570000  0.1672320000  0.0697130000 -0.0311140000  0.1799480000  0.1017260000 -0.0466710000  0.1926640000  0.1337390000 -0.0311076667  0.1800436667  0.0351673333 -0.0466646667  0.1927596667  0.0671803333 -0.0622216667  0.2054756667  0.0991933333 -0.0622153333  0.2055713333  0.0326346667 -0.0777723333  0.2182873333  0.0646476667 -0.0933230000  0.2310990000  0.0301020000 
-0.0933230000  0.2310990000  0.0301020000 -0.0777723333  0.2182873333  0.0646476667 -0.0622216667  0.2054756667  0.0991933333 -0.0466710000  0.1926640000  0.1337390000 -0.0777723333  0.2549350000  0.0646476667 -0.0622216667  0.2421233333  0.0991933333 -0.0466710000  0.2293116667  0.1337390000 -0.0622216667  0.2787710000  0.0991933333 -0.0466710000  0.2659593333  0.1337390000 -0.0466710000  0.3026070000  0.1337390000 
0.0989710000 0.3813810000 0.0471220000 0.0815376667 0.3551230000 0.0759943333 0.0641043333 0.3288650000 0.1048666667 0.0466710000 0.3026070000 0.1337390000 0.0815376667 0.3184753333 0.0759943333 0.0641043333 0.2922173333 0.1048666667 0.0466710000 0.2659593333 0.1337390000 0.0641043333 0.2555696667 0.1048666667 0.0466710000 0.2293116667 0.1337390000 0.0466710000 0.1926640000 0.1337390000 
0.0466710000 0.3026070000 0.1337390000 0.0155570000 0.3026070000 0.1337390000 -0.0155570000  0.3026070000  0.1337390000 -0.0466710000  0.3026070000  0.1337390000 0.0466710000 0.2659593333 0.1337390000 0.0155570000 0.2659593333 0.1337390000 -0.0155570000  0.2659593333  0.1337390000 0.0466710000 0.2293116667 0.1337390000 0.0155570000 0.2293116667 0.1337390000 0.0466710000 0.1926640000 0.1337390000 
-0.0466710000  0.3026070000  0.1337390000 -0.0466710000  0.2659593333  0.1337390000 -0.0466710000  0.2293116667  0.1337390000 -0.0466710000  0.1926640000  0.1337390000 -0.0155570000  0.2659593333  0.1337390000 -0.0155570000  0.2293116667  0.1337390000 -0.0155570000  0.1926640000  0.1337390000 0.0155570000 0.2293116667 0.1337390000 0.0155570000 0.1926640000 0.1337390000 0.0466710000 0.1926640000 0.1337390000 
0.0000000000 0.1545160000 0.0377000000 0.0155570000 0.1672320000 0.0697130000 0.0311140000 0.1799480000 0.1017260000 0.0466710000 0.1926640000 0.1337390000 -0.0155570000  0.1672320000  0.0697130000 0.0000000000 0.1799480000 0.1017260000 0.0155570000 0.1926640000 0.1337390000 -0.0311140000  0.1799480000  0.1017260000 -0.0155570000  0.1926640000  0.1337390000 -0.0466710000  0.1926640000  0.1337390000 
 0.1168800000 -0.4982720000 -0.0981820000  0.1412316667 -0.4233426667 -0.0638526667  0.1655833333 -0.3484133333 -0.0295233333  0.1899350000 -0.2734840000  0.0048060000  0.0972156667 -0.4234886667 -0.0638940000  0.1215673333 -0.3485593333 -0.0295646667  0.1459190000 -0.2736300000  0.0047646667  0.0775513333 -0.3487053333 -0.0296060000  0.1019030000 -0.2737760000  0.0047233333  0.0578870000 -0.2739220000  0.0046820000 
 0.1904570000 -0.2568050000 -0.1685570000  0.1902830000 -0.2623646667 -0.1107693333  0.1901090000 -0.2679243333 -0.0529816667  0.1899350000 -0.2734840000  0.0048060000  0.2063976667 -0.3358016667 -0.1447230000  0.2062236667 -0.3413613333 -0.0869353333  0.2060496667 -0.3469210000 -0.0291476667  0.2223383333 -0.4147983333 -0.1208890000  0.2221643333 -0.4203580000 -0.0631013333  0.2382790000 -0.4937950000 -0.0970550000 
-0.2513140000 -0.5880660000 -0.2636060000 -0.2543923333 -0.5702920000 -0.1691966667 -0.2574706667 -0.5525180000 -0.0747873333 -0.2605490000 -0.5347440000  0.0196220000 -0.2469690000 -0.5566423333 -0.2080890000 -0.2500473333 -0.5388683333 -0.1136796667 -0.2531256667 -0.5210943333 -0.0192703333 -0.2426240000 -0.5252186667 -0.1525720000 -0.2457023333 -0.5074446667 -0.0581626667 -0.2382790000 -0.4937950000 -0.0970550000 
 0.1899350000 -0.2734840000  0.0048060000  0.1704446667 -0.1995893333 -0.0151266667  0.1509543333 -0.1256946667 -0.0350593333  0.1314640000 -0.0518000000 -0.0549920000  0.1266233333 -0.2366370000 -0.0067026667  0.1071330000 -0.1627423333 -0.0266353333  0.0876426667 -0.0888476667 -0.0465680000  0.0633116667 -0.1997900000 -0.0182113333  0.0438213333 -0.1258953333 -0.0381440000  0.0000000000 -0.1629430000 -0.0297200000 
-0.1168800000 -0.4982720000 -0.0981820000 -0.0972156667 -0.4234886667 -0.0638940000 -0.0775513333 -0.3487053333 -0.0296060000 -0.0578870000 -0.2739220000  0.0046820000 -0.1412316667 -0.4233426667 -0.0638526667 -0.1215673333 -0.3485593333 -0.0295646667 -0.1019030000 -0.2737760000  0.0047233333 -0.1655833333 -0.3484133333 -0.0295233333 -0.1459190000 -0.2736300000  0.0047646667 -0.1899350000 -0.2734840000  0.0048060000 
 0.0000000000  0.1932340000 -0.2223670000  0.0439453333  0.1169880000 -0.2342113333  0.0878906667  0.0407420000 -0.2460556667  0.1318360000 -0.0355040000 -0.2579000000 -0.0439453333  0.1169880000 -0.2342113333  0.0000000000  0.0407420000 -0.2460556667  0.0439453333 -0.0355040000 -0.2579000000 -0.0878906667  0.0407420000 -0.2460556667 -0.0439453333 -0.0355040000 -0.2579000000 -0.1318360000 -0.0355040000 -0.2579000000 
 0.1168800000 -0.4982720000 -0.0981820000  0.1573463333 -0.4967796667 -0.0978063333  0.1978126667 -0.4952873333 -0.0974306667  0.2382790000 -0.4937950000 -0.0970550000  0.1412316667 -0.4233426667 -0.0638526667  0.1816980000 -0.4218503333 -0.0634770000  0.2221643333 -0.4203580000 -0.0631013333  0.1655833333 -0.3484133333 -0.0295233333  0.2060496667 -0.3469210000 -0.0291476667  0.1899350000 -0.2734840000  0.0048060000 
 0.2382790000 -0.4937950000 -0.0970550000  0.2426240000 -0.5252186667 -0.1525720000  0.2469690000 -0.5566423333 -0.2080890000  0.2513140000 -0.5880660000 -0.2636060000  0.2223383333 -0.4147983333 -0.1208890000  0.2266833333 -0.4462220000 -0.1764060000  0.2310283333 -0.4776456667 -0.2319230000  0.2063976667 -0.3358016667 -0.1447230000  0.2107426667 -0.3672253333 -0.2002400000  0.1904570000 -0.2568050000 -0.1685570000 
-0.1168800000 -0.4982720000 -0.0981820000 -0.0970810000 -0.4183626667 -0.1218340000 -0.0772820000 -0.3384533333 -0.1454860000 -0.0574830000 -0.2585440000 -0.1691380000 -0.0972156667 -0.4234886667 -0.0638940000 -0.0774166667 -0.3435793333 -0.0875460000 -0.0576176667 -0.2636700000 -0.1111980000 -0.0775513333 -0.3487053333 -0.0296060000 -0.0577523333 -0.2687960000 -0.0532580000 -0.0578870000 -0.2739220000  0.0046820000 
-0.0574830000 -0.2585440000 -0.1691380000 -0.0772820000 -0.3384533333 -0.1454860000 -0.0970810000 -0.4183626667 -0.1218340000 -0.1168800000 -0.4982720000 -0.0981820000 -0.0767293333 -0.3682570000 -0.2009023333 -0.0965283333 -0.4481663333 -0.1772503333 -0.1163273333 -0.5280756667 -0.1535983333 -0.0959756667 -0.4779700000 -0.2326666667 -0.1157746667 -0.5578793333 -0.2090146667 -0.1152220000 -0.5876830000 -0.2644310000 
0.5356870000 0.0421050000 0.0899840000  0.4077620000  0.0518176667 -0.0070346667  0.2798370000  0.0615303333 -0.1040533333  0.1519120000  0.0712430000 -0.2010720000 0.3968350000 0.1273700000 0.0105366667  0.2689100000  0.1370826667 -0.0864820000  0.1409850000  0.1467953333 -0.1835006667  0.2579830000  0.2126350000 -0.0689106667  0.1300580000  0.2223476667 -0.1659293333  0.1191310000  0.2979000000 -0.1483580000 
-0.4939450000  0.0247530000  0.2311440000 -0.3800773333  0.0395946667  0.1653213333 -0.2662096667  0.0544363333  0.0994986667 -0.1523420000  0.0692780000  0.0336760000 -0.3604043333  0.0935350000  0.1641300000 -0.2465366667  0.1083766667  0.0983073333 -0.1326690000  0.1232183333  0.0324846667 -0.2268636667  0.1623170000  0.0971160000 -0.1129960000  0.1771586667  0.0312933333 -0.0933230000  0.2310990000  0.0301020000 
 0.5509130000 -0.0751510000  0.0644520000  0.4180560000 -0.0270080000  0.0541933333 0.2851990000 0.0211350000 0.0439346667 0.1523420000 0.0692780000 0.0336760000  0.4179126667 -0.0263530000 -0.0240560000  0.2850556667  0.0217900000 -0.0343146667  0.1521986667  0.0699330000 -0.0445733333  0.2849123333  0.0224450000 -0.1125640000  0.1520553333  0.0705880000 -0.1228226667  0.1519120000  0.0712430000 -0.2010720000 
0.0933230000 0.2310990000 0.0301020000 0.2407776667 0.1681010000 0.0500626667 0.3882323333 0.1051030000 0.0700233333 0.5356870000 0.0421050000 0.0899840000  0.1019256667  0.2533660000 -0.0293846667  0.2493803333  0.1903680000 -0.0094240000 0.3968350000 0.1273700000 0.0105366667  0.1105283333  0.2756330000 -0.0888713333  0.2579830000  0.2126350000 -0.0689106667  0.1191310000  0.2979000000 -0.1483580000 
-0.1519120000  0.0712430000 -0.2010720000 -0.2798370000  0.0615303333 -0.1040533333 -0.4077620000  0.0518176667 -0.0070346667 -0.5356870000  0.0421050000  0.0899840000 -0.1409850000  0.1467953333 -0.1835006667 -0.2689100000  0.1370826667 -0.0864820000 -0.3968350000  0.1273700000  0.0105366667 -0.1300580000  0.2223476667 -0.1659293333 -0.2579830000  0.2126350000 -0.0689106667 -0.1191310000  0.2979000000 -0.1483580000 
-0.5356870000  0.0421050000  0.0899840000 -0.5217730000  0.0363210000  0.1370373333 -0.5078590000  0.0305370000  0.1840906667 -0.4939450000  0.0247530000  0.2311440000 -0.3882323333  0.1051030000  0.0700233333 -0.3743183333  0.0993190000  0.1170766667 -0.3604043333  0.0935350000  0.1641300000 -0.2407776667  0.1681010000  0.0500626667 -0.2268636667  0.1623170000  0.0971160000 -0.0933230000  0.2310990000  0.0301020000 
0.4939450000 0.0247530000 0.2311440000 0.3604043333 0.0935350000 0.1641300000 0.2268636667 0.1623170000 0.0971160000 0.0933230000 0.2310990000 0.0301020000 0.3800773333 0.0395946667 0.1653213333 0.2465366667 0.1083766667 0.0983073333 0.1129960000 0.1771586667 0.0312933333 0.2662096667 0.0544363333 0.0994986667 0.1326690000 0.1232183333 0.0324846667 0.1523420000 0.0692780000 0.0336760000 
-0.5509130000 -0.0751510000  0.0644520000 -0.4179126667 -0.0263530000 -0.0240560000 -0.2849123333  0.0224450000 -0.1125640000 -0.1519120000  0.0712430000 -0.2010720000 -0.4180560000 -0.0270080000  0.0541933333 -0.2850556667  0.0217900000 -0.0343146667 -0.1520553333  0.0705880000 -0.1228226667 -0.2851990000  0.0211350000  0.0439346667 -0.1521986667  0.0699330000 -0.0445733333 -0.1523420000  0.0692780000  0.0336760000 
0.5356870000 0.0421050000 0.0899840000 0.5407623333 0.0030196667 0.0814733333  0.5458376667 -0.0360656667  0.0729626667  0.5509130000 -0.0751510000  0.0644520000  0.4077620000  0.0518176667 -0.0070346667  0.4128373333  0.0127323333 -0.0155453333  0.4179126667 -0.0263530000 -0.0240560000  0.2798370000  0.0615303333 -0.1040533333  0.2849123333  0.0224450000 -0.1125640000  0.1519120000  0.0712430000 -0.2010720000 
-0.4939450000  0.0247530000  0.2311440000 -0.4932523333 -0.0133966667  0.2291573333 -0.4925596667 -0.0515463333  0.2271706667 -0.4918670000 -0.0896960000  0.2251840000 -0.3800773333  0.0395946667  0.1653213333 -0.3793846667  0.0014450000  0.1633346667 -0.3786920000 -0.0367046667  0.1613480000 -0.2662096667  0.0544363333  0.0994986667 -0.2655170000  0.0162866667  0.0975120000 -0.1523420000  0.0692780000  0.0336760000 
 0.5509130000 -0.0751510000  0.0644520000  0.5312310000 -0.0799993333  0.1180293333  0.5115490000 -0.0848476667  0.1716066667  0.4918670000 -0.0896960000  0.2251840000  0.4180560000 -0.0270080000  0.0541933333  0.3983740000 -0.0318563333  0.1077706667  0.3786920000 -0.0367046667  0.1613480000 0.2851990000 0.0211350000 0.0439346667 0.2655170000 0.0162866667 0.0975120000 0.1523420000 0.0692780000 0.0336760000 
0.0933230000 0.2310990000 0.0301020000 0.2268636667 0.1623170000 0.0971160000 0.3604043333 0.0935350000 0.1641300000 0.4939450000 0.0247530000 0.2311440000 0.2407776667 0.1681010000 0.0500626667 0.3743183333 0.0993190000 0.1170766667 0.5078590000 0.0305370000 0.1840906667 0.3882323333 0.1051030000 0.0700233333 0.5217730000 0.0363210000 0.1370373333 0.5356870000 0.0421050000 0.0899840000 
-0.1519120000  0.0712430000 -0.2010720000 -0.2849123333  0.0224450000 -0.1125640000 -0.4179126667 -0.0263530000 -0.0240560000 -0.5509130000 -0.0751510000  0.0644520000 -0.2798370000  0.0615303333 -0.1040533333 -0.4128373333  0.0127323333 -0.0155453333 -0.5458376667 -0.0360656667  0.0729626667 -0.4077620000  0.0518176667 -0.0070346667 -0.5407623333  0.0030196667  0.0814733333 -0.5356870000  0.0421050000  0.0899840000 
