 0.0000000000 -0.1629430000 -0.0297200000  0.0000000000 -0.1642990000 -0.1040260000  0.0000000000 -0.1656560000 -0.1783330000  0.0000000000 -0.1670120000 -0.2526390000  0.0191610000 -0.1948100000 -0.0761930000  0.0191610000 -0.1961660000 -0.1504990000  0.0191610000 -0.1975230000 -0.2248050000  0.0383220000 -0.2266770000 -0.1226650000  0.0383220000 -0.2280330000 -0.1969720000  0.0574830000 -0.2585440000 -0.1691380000 
 0.0000000000 -0.1670120000 -0.2526390000  0.0439450000 -0.1231760000 -0.2543930000  0.0878910000 -0.0793400000 -0.2561460000  0.1318360000 -0.0355040000 -0.2579000000  0.0634860000 -0.1969430000 -0.2246120000  0.1074310000 -0.1531070000 -0.2263650000  0.1513760000 -0.1092710000 -0.2281190000  0.1269710000 -0.2268740000 -0.1965840000  0.1709170000 -0.1830380000 -0.1983380000  0.1904570000 -0.2568050000 -0.1685570000 
 0.0000000000 -0.1670120000 -0.2526390000  0.0634860000 -0.1969430000 -0.2246120000  0.1269710000 -0.2268740000 -0.1965840000  0.1904570000 -0.2568050000 -0.1685570000  0.0191610000 -0.1975230000 -0.2248050000  0.0826470000 -0.2274540000 -0.1967780000  0.1461320000 -0.2573850000 -0.1687510000  0.0383220000 -0.2280330000 -0.1969720000  0.1018080000 -0.2579640000 -0.1689440000  0.0574830000 -0.2585440000 -0.1691380000 
 0.1318360000 -0.0355040000 -0.2579000000  0.1317120000 -0.0409360000 -0.1902640000  0.1315880000 -0.0463680000 -0.1226280000  0.1314640000 -0.0518000000 -0.0549920000  0.1513760000 -0.1092710000 -0.2281190000  0.1512520000 -0.1147030000 -0.1604830000  0.1511280000 -0.1201350000 -0.0928470000  0.1709170000 -0.1830380000 -0.1983380000  0.1707930000 -0.1884700000 -0.1307020000  0.1904570000 -0.2568050000 -0.1685570000 
 0.0000000000 -0.1670120000 -0.2526390000  0.0000000000 -0.1656560000 -0.1783330000  0.0000000000 -0.1642990000 -0.1040260000  0.0000000000 -0.1629430000 -0.0297200000 -0.0191610000 -0.1975230000 -0.2248050000 -0.0191610000 -0.1961660000 -0.1504990000 -0.0191610000 -0.1948100000 -0.0761930000 -0.0383220000 -0.2280330000 -0.1969720000 -0.0383220000 -0.2266770000 -0.1226650000 -0.0574830000 -0.2585440000 -0.1691380000 
-0.0574830000 -0.2585440000 -0.1691380000 -0.1018080000 -0.2579640000 -0.1689440000 -0.1461320000 -0.2573850000 -0.1687510000 -0.1904570000 -0.2568050000 -0.1685570000 -0.0383220000 -0.2280330000 -0.1969720000 -0.0826470000 -0.2274540000 -0.1967780000 -0.1269710000 -0.2268740000 -0.1965840000 -0.0191610000 -0.1975230000 -0.2248050000 -0.0634860000 -0.1969430000 -0.2246120000  0.0000000000 -0.1670120000 -0.2526390000 
 0.1904570000 -0.2568050000 -0.1685570000  0.2107430000 -0.3672250000 -0.2002400000  0.2310280000 -0.4776460000 -0.2319230000  0.2513140000 -0.5880660000 -0.2636060000  0.1653790000 -0.3670980000 -0.2005150000  0.1856640000 -0.4775180000 -0.2321980000  0.2059500000 -0.5879380000 -0.2638810000  0.1403000000 -0.4773900000 -0.2324730000  0.1605860000 -0.5878110000 -0.2641560000  0.1152220000 -0.5876830000 -0.2644310000 
-0.1314640000 -0.0518000000 -0.0549920000 -0.1315880000 -0.0463680000 -0.1226280000 -0.1317120000 -0.0409360000 -0.1902640000 -0.1318360000 -0.0355040000 -0.2579000000 -0.1511280000 -0.1201350000 -0.0928470000 -0.1512520000 -0.1147030000 -0.1604830000 -0.1513760000 -0.1092710000 -0.2281190000 -0.1707930000 -0.1884700000 -0.1307020000 -0.1709170000 -0.1830380000 -0.1983380000 -0.1904570000 -0.2568050000 -0.1685570000 
-0.1314640000 -0.0518000000 -0.0549920000 -0.1511280000 -0.1201350000 -0.0928470000 -0.1707930000 -0.1884700000 -0.1307020000 -0.1904570000 -0.2568050000 -0.1685570000 -0.1509540000 -0.1256950000 -0.0350590000 -0.1706190000 -0.1940300000 -0.0729140000 -0.1902830000 -0.2623650000 -0.1107690000 -0.1704450000 -0.1995890000 -0.0151270000 -0.1901090000 -0.2679240000 -0.0529820000 -0.1899350000 -0.2734840000  0.0048060000 
 0.0000000000 -0.1629430000 -0.0297200000 -0.0438210000 -0.1258950000 -0.0381440000 -0.0876430000 -0.0888480000 -0.0465680000 -0.1314640000 -0.0518000000 -0.0549920000 -0.0633120000 -0.1997900000 -0.0182110000 -0.1071330000 -0.1627420000 -0.0266350000 -0.1509540000 -0.1256950000 -0.0350590000 -0.1266230000 -0.2366370000 -0.0067030000 -0.1704450000 -0.1995890000 -0.0151270000 -0.1899350000 -0.2734840000  0.0048060000 
 0.0000000000 -0.1629430000 -0.0297200000 -0.0633120000 -0.1997900000 -0.0182110000 -0.1266230000 -0.2366370000 -0.0067030000 -0.1899350000 -0.2734840000  0.0048060000 -0.0192960000 -0.1999360000 -0.0182530000 -0.0826070000 -0.2367830000 -0.0067440000 -0.1459190000 -0.2736300000  0.0047650000 -0.0385910000 -0.2369290000 -0.0067850000 -0.1019030000 -0.2737760000  0.0047230000 -0.0578870000 -0.2739220000  0.0046820000 
-0.1904570000 -0.2568050000 -0.1685570000 -0.1461320000 -0.2573850000 -0.1687510000 -0.1018080000 -0.2579640000 -0.1689440000 -0.0574830000 -0.2585440000 -0.1691380000 -0.1653790000 -0.3670980000 -0.2005150000 -0.1210540000 -0.3676770000 -0.2007090000 -0.0767290000 -0.3682570000 -0.2009020000 -0.1403000000 -0.4773900000 -0.2324730000 -0.0959760000 -0.4779700000 -0.2326670000 -0.1152220000 -0.5876830000 -0.2644310000 
-0.1904570000 -0.2568050000 -0.1685570000 -0.1653790000 -0.3670980000 -0.2005150000 -0.1403000000 -0.4773900000 -0.2324730000 -0.1152220000 -0.5876830000 -0.2644310000 -0.2107430000 -0.3672250000 -0.2002400000 -0.1856640000 -0.4775180000 -0.2321980000 -0.1605860000 -0.5878110000 -0.2641560000 -0.2310280000 -0.4776460000 -0.2319230000 -0.2059500000 -0.5879380000 -0.2638810000 -0.2513140000 -0.5880660000 -0.2636060000 
 0.1344780000 -0.5351810000  0.0194790000  0.1690780000 -0.5213860000 -0.0193660000  0.2036790000 -0.5075900000 -0.0582100000  0.2382790000 -0.4937950000 -0.0970550000  0.1286120000 -0.5228780000 -0.0197410000  0.1632120000 -0.5090830000 -0.0585860000  0.1978130000 -0.4952870000 -0.0974310000  0.1227460000 -0.5105750000 -0.0589620000  0.1573460000 -0.4967800000 -0.0978060000  0.1168800000 -0.4982720000 -0.0981820000 
-0.2513140000 -0.5880660000 -0.2636060000 -0.2469690000 -0.5566420000 -0.2080890000 -0.2426240000 -0.5252190000 -0.1525720000 -0.2382790000 -0.4937950000 -0.0970550000 -0.2310280000 -0.4776460000 -0.2319230000 -0.2266830000 -0.4462220000 -0.1764060000 -0.2223380000 -0.4147980000 -0.1208890000 -0.2107430000 -0.3672250000 -0.2002400000 -0.2063980000 -0.3358020000 -0.1447230000 -0.1904570000 -0.2568050000 -0.1685570000 
 0.0574830000 -0.2585440000 -0.1691380000  0.1018080000 -0.2579640000 -0.1689440000  0.1461320000 -0.2573850000 -0.1687510000  0.1904570000 -0.2568050000 -0.1685570000  0.0767290000 -0.3682570000 -0.2009020000  0.1210540000 -0.3676770000 -0.2007090000  0.1653790000 -0.3670980000 -0.2005150000  0.0959760000 -0.4779700000 -0.2326670000  0.1403000000 -0.4773900000 -0.2324730000  0.1152220000 -0.5876830000 -0.2644310000 
-0.1152220000 -0.5876830000 -0.2644310000 -0.1216410000 -0.5701820000 -0.1697940000 -0.1280590000 -0.5526820000 -0.0751580000 -0.1344780000 -0.5351810000  0.0194790000 -0.1283250000 -0.5878110000 -0.1696700000 -0.1347440000 -0.5703100000 -0.0750330000 -0.1411620000 -0.5528090000  0.0196030000 -0.1414280000 -0.5879380000 -0.0749090000 -0.1478470000 -0.5704380000  0.0197280000 -0.1545310000 -0.5880660000  0.0198520000 
-0.1545310000 -0.5880660000  0.0198520000 -0.1867920000 -0.5880660000 -0.0746340000 -0.2190530000 -0.5880660000 -0.1691200000 -0.2513140000 -0.5880660000 -0.2636060000 -0.1414280000 -0.5879380000 -0.0749090000 -0.1736890000 -0.5879380000 -0.1693950000 -0.2059500000 -0.5879380000 -0.2638810000 -0.1283250000 -0.5878110000 -0.1696700000 -0.1605860000 -0.5878110000 -0.2641560000 -0.1152220000 -0.5876830000 -0.2644310000 
-0.2513140000 -0.5880660000 -0.2636060000 -0.2190530000 -0.5880660000 -0.1691200000 -0.1867920000 -0.5880660000 -0.0746340000 -0.1545310000 -0.5880660000  0.0198520000 -0.2597000000 -0.5883220000 -0.1691780000 -0.2274390000 -0.5883220000 -0.0746920000 -0.1951780000 -0.5883220000  0.0197940000 -0.2680850000 -0.5885770000 -0.0747510000 -0.2358240000 -0.5885770000  0.0197350000 -0.2764710000 -0.5888330000  0.0196770000 
-0.2605490000 -0.5347440000  0.0196220000 -0.2574710000 -0.5525180000 -0.0747870000 -0.2543920000 -0.5702920000 -0.1691970000 -0.2513140000 -0.5880660000 -0.2636060000 -0.2658560000 -0.5527740000  0.0196400000 -0.2627780000 -0.5705480000 -0.0747690000 -0.2597000000 -0.5883220000 -0.1691780000 -0.2711640000 -0.5708030000  0.0196590000 -0.2680850000 -0.5885770000 -0.0747510000 -0.2764710000 -0.5888330000  0.0196770000 
-0.1344780000 -0.5351810000  0.0194790000 -0.1765020000 -0.5350350000  0.0195270000 -0.2185250000 -0.5348900000  0.0195740000 -0.2605490000 -0.5347440000  0.0196220000 -0.1818090000 -0.5530650000  0.0195450000 -0.2238330000 -0.5529190000  0.0195930000 -0.2658560000 -0.5527740000  0.0196400000 -0.2291400000 -0.5709490000  0.0196110000 -0.2711640000 -0.5708030000  0.0196590000 -0.2764710000 -0.5888330000  0.0196770000 
-0.1344780000 -0.5351810000  0.0194790000 -0.1818090000 -0.5530650000  0.0195450000 -0.2291400000 -0.5709490000  0.0196110000 -0.2764710000 -0.5888330000  0.0196770000 -0.1411620000 -0.5528090000  0.0196030000 -0.1884930000 -0.5706930000  0.0196690000 -0.2358240000 -0.5885770000  0.0197350000 -0.1478470000 -0.5704380000  0.0197280000 -0.1951780000 -0.5883220000  0.0197940000 -0.1545310000 -0.5880660000  0.0198520000 
 0.1904570000 -0.2568050000 -0.1685570000  0.1707930000 -0.1884700000 -0.1307020000  0.1511280000 -0.1201350000 -0.0928470000  0.1314640000 -0.0518000000 -0.0549920000  0.1902830000 -0.2623650000 -0.1107690000  0.1706190000 -0.1940300000 -0.0729140000  0.1509540000 -0.1256950000 -0.0350590000  0.1901090000 -0.2679240000 -0.0529820000  0.1704450000 -0.1995890000 -0.0151270000  0.1899350000 -0.2734840000  0.0048060000 
 0.0578870000 -0.2739220000  0.0046820000  0.1019030000 -0.2737760000  0.0047230000  0.1459190000 -0.2736300000  0.0047650000  0.1899350000 -0.2734840000  0.0048060000  0.0385910000 -0.2369290000 -0.0067850000  0.0826070000 -0.2367830000 -0.0067440000  0.1266230000 -0.2366370000 -0.0067030000  0.0192960000 -0.1999360000 -0.0182530000  0.0633120000 -0.1997900000 -0.0182110000  0.0000000000 -0.1629430000 -0.0297200000 
 0.1344780000 -0.5351810000  0.0194790000  0.1765020000 -0.5350350000  0.0195270000  0.2185250000 -0.5348900000  0.0195740000  0.2605490000 -0.5347440000  0.0196220000  0.1690780000 -0.5213860000 -0.0193660000  0.2111020000 -0.5212400000 -0.0193180000  0.2531260000 -0.5210940000 -0.0192700000  0.2036790000 -0.5075900000 -0.0582100000  0.2457020000 -0.5074450000 -0.0581630000  0.2382790000 -0.4937950000 -0.0970550000 
 0.0000000000 -0.1629430000 -0.0297200000  0.0191610000 -0.1948100000 -0.0761930000  0.0383220000 -0.2266770000 -0.1226650000  0.0574830000 -0.2585440000 -0.1691380000  0.0192960000 -0.1999360000 -0.0182530000  0.0384570000 -0.2318030000 -0.0647250000  0.0576180000 -0.2636700000 -0.1111980000  0.0385910000 -0.2369290000 -0.0067850000  0.0577520000 -0.2687960000 -0.0532580000  0.0578870000 -0.2739220000  0.0046820000 
 0.2605490000 -0.5347440000  0.0196220000  0.2574710000 -0.5525180000 -0.0747870000  0.2543920000 -0.5702920000 -0.1691970000  0.2513140000 -0.5880660000 -0.2636060000  0.2531260000 -0.5210940000 -0.0192700000  0.2500470000 -0.5388680000 -0.1136800000  0.2469690000 -0.5566420000 -0.2080890000  0.2457020000 -0.5074450000 -0.0581630000  0.2426240000 -0.5252190000 -0.1525720000  0.2382790000 -0.4937950000 -0.0970550000 
 0.2513140000 -0.5880660000 -0.2636060000  0.2543920000 -0.5702920000 -0.1691970000  0.2574710000 -0.5525180000 -0.0747870000  0.2605490000 -0.5347440000  0.0196220000  0.2597000000 -0.5883220000 -0.1691780000  0.2627780000 -0.5705480000 -0.0747690000  0.2658560000 -0.5527740000  0.0196400000  0.2680850000 -0.5885770000 -0.0747510000  0.2711640000 -0.5708030000  0.0196590000  0.2764710000 -0.5888330000  0.0196770000 
-0.1168800000 -0.4982720000 -0.0981820000 -0.1412320000 -0.4233430000 -0.0638530000 -0.1655830000 -0.3484130000 -0.0295230000 -0.1899350000 -0.2734840000  0.0048060000 -0.1573460000 -0.4967800000 -0.0978060000 -0.1816980000 -0.4218500000 -0.0634770000 -0.2060500000 -0.3469210000 -0.0291480000 -0.1978130000 -0.4952870000 -0.0974310000 -0.2221640000 -0.4203580000 -0.0631010000 -0.2382790000 -0.4937950000 -0.0970550000 
-0.1344780000 -0.5351810000  0.0194790000 -0.1690780000 -0.5213860000 -0.0193660000 -0.2036790000 -0.5075900000 -0.0582100000 -0.2382790000 -0.4937950000 -0.0970550000 -0.1765020000 -0.5350350000  0.0195270000 -0.2111020000 -0.5212400000 -0.0193180000 -0.2457020000 -0.5074450000 -0.0581630000 -0.2185250000 -0.5348900000  0.0195740000 -0.2531260000 -0.5210940000 -0.0192700000 -0.2605490000 -0.5347440000  0.0196220000 
-0.1344780000 -0.5351810000  0.0194790000 -0.1280590000 -0.5526820000 -0.0751580000 -0.1216410000 -0.5701820000 -0.1697940000 -0.1152220000 -0.5876830000 -0.2644310000 -0.1286120000 -0.5228780000 -0.0197410000 -0.1221930000 -0.5403790000 -0.1143780000 -0.1157750000 -0.5578790000 -0.2090150000 -0.1227460000 -0.5105750000 -0.0589620000 -0.1163270000 -0.5280760000 -0.1535980000 -0.1168800000 -0.4982720000 -0.0981820000 
-0.2382790000 -0.4937950000 -0.0970550000 -0.2221640000 -0.4203580000 -0.0631010000 -0.2060500000 -0.3469210000 -0.0291480000 -0.1899350000 -0.2734840000  0.0048060000 -0.2223380000 -0.4147980000 -0.1208890000 -0.2062240000 -0.3413610000 -0.0869350000 -0.1901090000 -0.2679240000 -0.0529820000 -0.2063980000 -0.3358020000 -0.1447230000 -0.1902830000 -0.2623650000 -0.1107690000 -0.1904570000 -0.2568050000 -0.1685570000 
 0.0578870000 -0.2739220000  0.0046820000  0.0577520000 -0.2687960000 -0.0532580000  0.0576180000 -0.2636700000 -0.1111980000  0.0574830000 -0.2585440000 -0.1691380000  0.0769990000 -0.3785090000 -0.0850220000  0.0768640000 -0.3733830000 -0.1429620000  0.0767290000 -0.3682570000 -0.2009020000  0.0961100000 -0.4830960000 -0.1747270000  0.0959760000 -0.4779700000 -0.2326670000  0.1152220000 -0.5876830000 -0.2644310000 
 0.0578870000 -0.2739220000  0.0046820000  0.0769990000 -0.3785090000 -0.0850220000  0.0961100000 -0.4830960000 -0.1747270000  0.1152220000 -0.5876830000 -0.2644310000  0.0775510000 -0.3487050000 -0.0296060000  0.0966630000 -0.4532920000 -0.1193100000  0.1157750000 -0.5578790000 -0.2090150000  0.0972160000 -0.4234890000 -0.0638940000  0.1163270000 -0.5280760000 -0.1535980000  0.1168800000 -0.4982720000 -0.0981820000 
-0.1344780000 -0.5351810000  0.0194790000 -0.1286120000 -0.5228780000 -0.0197410000 -0.1227460000 -0.5105750000 -0.0589620000 -0.1168800000 -0.4982720000 -0.0981820000 -0.1690780000 -0.5213860000 -0.0193660000 -0.1632120000 -0.5090830000 -0.0585860000 -0.1573460000 -0.4967800000 -0.0978060000 -0.2036790000 -0.5075900000 -0.0582100000 -0.1978130000 -0.4952870000 -0.0974310000 -0.2382790000 -0.4937950000 -0.0970550000 
 0.1152220000 -0.5876830000 -0.2644310000  0.1605860000 -0.5878110000 -0.2641560000  0.2059500000 -0.5879380000 -0.2638810000  0.2513140000 -0.5880660000 -0.2636060000  0.1689720000 -0.5880660000 -0.1697280000  0.2143360000 -0.5881940000 -0.1694530000  0.2597000000 -0.5883220000 -0.1691780000  0.2227210000 -0.5884500000 -0.0750260000  0.2680850000 -0.5885770000 -0.0747510000  0.2764710000 -0.5888330000  0.0196770000 
 0.1152220000 -0.5876830000 -0.2644310000  0.1689720000 -0.5880660000 -0.1697280000  0.2227210000 -0.5884500000 -0.0750260000  0.2764710000 -0.5888330000  0.0196770000  0.1283250000 -0.5878110000 -0.1696700000  0.1820750000 -0.5881940000 -0.0749670000  0.2358240000 -0.5885770000  0.0197350000  0.1414280000 -0.5879380000 -0.0749090000  0.1951780000 -0.5883220000  0.0197940000  0.1545310000 -0.5880660000  0.0198520000 
 0.1344780000 -0.5351810000  0.0194790000  0.1280590000 -0.5526820000 -0.0751580000  0.1216410000 -0.5701820000 -0.1697940000  0.1152220000 -0.5876830000 -0.2644310000  0.1411620000 -0.5528090000  0.0196030000  0.1347440000 -0.5703100000 -0.0750330000  0.1283250000 -0.5878110000 -0.1696700000  0.1478470000 -0.5704380000  0.0197280000  0.1414280000 -0.5879380000 -0.0749090000  0.1545310000 -0.5880660000  0.0198520000 
 0.2605490000 -0.5347440000  0.0196220000  0.2185250000 -0.5348900000  0.0195740000  0.1765020000 -0.5350350000  0.0195270000  0.1344780000 -0.5351810000  0.0194790000  0.2252100000 -0.5525180000  0.0196990000  0.1831860000 -0.5526640000  0.0196510000  0.1411620000 -0.5528090000  0.0196030000  0.1898700000 -0.5702920000  0.0197750000  0.1478470000 -0.5704380000  0.0197280000  0.1545310000 -0.5880660000  0.0198520000 
 0.2605490000 -0.5347440000  0.0196220000  0.2252100000 -0.5525180000  0.0196990000  0.1898700000 -0.5702920000  0.0197750000  0.1545310000 -0.5880660000  0.0198520000  0.2658560000 -0.5527740000  0.0196400000  0.2305170000 -0.5705480000  0.0197170000  0.1951780000 -0.5883220000  0.0197940000  0.2711640000 -0.5708030000  0.0196590000  0.2358240000 -0.5885770000  0.0197350000  0.2764710000 -0.5888330000  0.0196770000 
 0.1314640000 -0.0518000000 -0.0549920000  0.1315880000 -0.0463680000 -0.1226280000  0.1317120000 -0.0409360000 -0.1902640000  0.1318360000 -0.0355040000 -0.2579000000  0.1382800000 -0.0107860000 -0.1036850000  0.1384040000 -0.0053540000 -0.1713210000  0.1385280000  0.0000780000 -0.2389570000  0.1450960000  0.0302290000 -0.1523790000  0.1452200000  0.0356610000 -0.2200150000  0.1519120000  0.0712430000 -0.2010720000 
 0.1314640000 -0.0518000000 -0.0549920000  0.1382800000 -0.0107860000 -0.1036850000  0.1450960000  0.0302290000 -0.1523790000  0.1519120000  0.0712430000 -0.2010720000  0.1384230000 -0.0114410000 -0.0254360000  0.1452390000  0.0295740000 -0.0741290000  0.1520550000  0.0705880000 -0.1228230000 0.1453830000 0.0289190000 0.0041200000  0.1521990000  0.0699330000 -0.0445730000 0.1523420000 0.0692780000 0.0336760000 
-0.1318360000 -0.0355040000 -0.2579000000 -0.1317120000 -0.0409360000 -0.1902640000 -0.1315880000 -0.0463680000 -0.1226280000 -0.1314640000 -0.0518000000 -0.0549920000 -0.1386710000 -0.0005770000 -0.1607080000 -0.1385470000 -0.0060090000 -0.0930720000 -0.1384230000 -0.0114410000 -0.0254360000 -0.1455070000  0.0343510000 -0.0635160000 -0.1453830000  0.0289190000  0.0041200000 -0.1523420000  0.0692780000  0.0336760000 
-0.1318360000 -0.0355040000 -0.2579000000 -0.1386710000 -0.0005770000 -0.1607080000 -0.1455070000  0.0343510000 -0.0635160000 -0.1523420000  0.0692780000  0.0336760000 -0.1385280000  0.0000780000 -0.2389570000 -0.1453630000  0.0350060000 -0.1417650000 -0.1521990000  0.0699330000 -0.0445730000 -0.1452200000  0.0356610000 -0.2200150000 -0.1520550000  0.0705880000 -0.1228230000 -0.1519120000  0.0712430000 -0.2010720000 
 0.0170650000 -0.1043910000  0.4055500000 -0.2671000000  0.0616290000  0.2455690000 -0.2075200000  0.1566990000  0.0732000000 -0.0933230000  0.2310990000  0.0301020000 -0.3229870000  0.0351300000  0.2623900000 -0.2585100000  0.1789660000  0.0413770000 -0.1019260000  0.2533660000 -0.0293850000 -0.3095010000  0.2012330000  0.0095550000 -0.1105280000  0.2756330000 -0.0888710000 -0.1191310000  0.2979000000 -0.1483580000 
-0.0296090000  0.0426710000  0.3919380000 0.1559630000 0.0828120000 0.2202850000 0.1861730000 0.0430340000 0.1245330000 0.1523420000 0.0692780000 0.0336760000 -0.0307850000  0.0418270000  0.3537570000 0.1309670000 0.0544400000 0.2148050000 0.1872440000 0.0048850000 0.1227210000 -0.0319620000  0.0409840000  0.3155770000 0.1059720000 0.0260670000 0.2093240000 -0.0331390000  0.0401410000  0.2773970000 
-0.0296090000  0.0426710000  0.3919380000 -0.0307850000  0.0418270000  0.3537570000 -0.0319620000  0.0409840000  0.3155770000 -0.0331390000  0.0401410000  0.2773970000 -0.0297170000 -0.0153300000  0.3574010000 -0.0308950000 -0.0161740000  0.3192210000 -0.0320710000 -0.0170170000  0.2810400000 -0.0298270000 -0.0733320000  0.3228640000 -0.0310030000 -0.0741750000  0.2846840000 -0.0299360000 -0.1313320000  0.2883270000 
-0.1191310000  0.2979000000 -0.1483580000 -0.1105280000  0.2756330000 -0.0888710000 -0.1019260000  0.2533660000 -0.0293850000 -0.0933230000  0.2310990000  0.0301020000 -0.1124110000  0.3257270000 -0.0831980000 -0.1038080000  0.3034600000 -0.0237110000 -0.0952060000  0.2811930000  0.0357750000 -0.1056910000  0.3535540000 -0.0180380000 -0.0970880000  0.3312870000  0.0414490000 -0.0989710000  0.3813810000  0.0471220000 
0.1523420000 0.0692780000 0.0336760000 0.0507810000 0.0692780000 0.0336760000 -0.0507810000  0.0692780000  0.0336760000 -0.1523420000  0.0692780000  0.0336760000 0.0577400000 0.0289190000 0.0041200000 -0.0438210000  0.0289190000  0.0041200000 -0.1453830000  0.0289190000  0.0041200000 -0.0368620000 -0.0114410000 -0.0254360000 -0.1384230000 -0.0114410000 -0.0254360000 -0.1314640000 -0.0518000000 -0.0549920000 
-0.1519120000  0.0712430000 -0.2010720000 -0.1012750000  0.1119070000 -0.2081700000 -0.0506370000  0.1525700000 -0.2152690000  0.0000000000  0.1932340000 -0.2223670000 -0.1452200000  0.0356610000 -0.2200150000 -0.0945830000  0.0763240000 -0.2271130000 -0.0439450000  0.1169880000 -0.2342110000 -0.1385280000  0.0000780000 -0.2389570000 -0.0878910000  0.0407420000 -0.2460560000 -0.1318360000 -0.0355040000 -0.2579000000 
 0.1519120000  0.0712430000 -0.2010720000  0.1012750000  0.1119070000 -0.2081700000  0.0506370000  0.1525700000 -0.2152690000  0.0000000000  0.1932340000 -0.2223670000  0.1409850000  0.1467950000 -0.1835010000  0.0903480000  0.1874590000 -0.1905990000  0.0397100000  0.2281230000 -0.1976970000  0.1300580000  0.2223480000 -0.1659290000  0.0794210000  0.2630110000 -0.1730280000  0.1191310000  0.2979000000 -0.1483580000 
 0.0000000000  0.1932340000 -0.2223670000 -0.0506370000  0.1525700000 -0.2152690000 -0.1012750000  0.1119070000 -0.2081700000 -0.1519120000  0.0712430000 -0.2010720000 -0.0397100000  0.2281230000 -0.1976970000 -0.0903480000  0.1874590000 -0.1905990000 -0.1409850000  0.1467950000 -0.1835010000 -0.0794210000  0.2630110000 -0.1730280000 -0.1300580000  0.2223480000 -0.1659290000 -0.1191310000  0.2979000000 -0.1483580000 
-0.1523420000  0.0692780000  0.0336760000 -0.0507810000  0.0692780000  0.0336760000 0.0507810000 0.0692780000 0.0336760000 0.1523420000 0.0692780000 0.0336760000 -0.1015610000  0.0976910000  0.0350170000 0.0000000000 0.0976910000 0.0350170000 0.1015610000 0.0976910000 0.0350170000 -0.0507810000  0.1261030000  0.0363590000 0.0507810000 0.1261030000 0.0363590000 0.0000000000 0.1545160000 0.0377000000 
-0.1523420000  0.0692780000  0.0336760000 -0.1015610000  0.0976910000  0.0350170000 -0.0507810000  0.1261030000  0.0363590000 0.0000000000 0.1545160000 0.0377000000 -0.1326690000  0.1232180000  0.0324850000 -0.0818880000  0.1516310000  0.0338260000 -0.0311080000  0.1800440000  0.0351670000 -0.1129960000  0.1771590000  0.0312930000 -0.0622150000  0.2055710000  0.0326350000 -0.0933230000  0.2310990000  0.0301020000 
0.1523420000 0.0692780000 0.0336760000 0.1326690000 0.1232180000 0.0324850000 0.1129960000 0.1771590000 0.0312930000 0.0933230000 0.2310990000 0.0301020000 0.1015610000 0.0976910000 0.0350170000 0.0818880000 0.1516310000 0.0338260000 0.0622150000 0.2055710000 0.0326350000 0.0507810000 0.1261030000 0.0363590000 0.0311080000 0.1800440000 0.0351670000 0.0000000000 0.1545160000 0.0377000000 
-0.0989710000  0.3813810000  0.0471220000 -0.0970880000  0.3312870000  0.0414490000 -0.0952060000  0.2811930000  0.0357750000 -0.0933230000  0.2310990000  0.0301020000 -0.0815380000  0.3551230000  0.0759940000 -0.0796550000  0.3050290000  0.0703210000 -0.0777720000  0.2549350000  0.0646480000 -0.0641040000  0.3288650000  0.1048670000 -0.0622220000  0.2787710000  0.0991930000 -0.0466710000  0.3026070000  0.1337390000 
 0.0000000000  0.1932340000 -0.2223670000 -0.0397100000  0.2281230000 -0.1976970000 -0.0794210000  0.2630110000 -0.1730280000 -0.1191310000  0.2979000000 -0.1483580000  0.0397100000  0.2281230000 -0.1976970000  0.0000000000  0.2630110000 -0.1730280000 -0.0397100000  0.2979000000 -0.1483580000  0.0794210000  0.2630110000 -0.1730280000  0.0397100000  0.2979000000 -0.1483580000  0.1191310000  0.2979000000 -0.1483580000 
 0.0299360000 -0.1313320000  0.2883270000 -0.1817790000 -0.0438580000  0.2592180000 -0.2408710000  0.0097330000  0.1031750000 -0.1523420000  0.0692780000  0.0336760000  0.0310030000 -0.0741750000  0.2846840000 -0.1438750000 -0.0088950000  0.2342710000 -0.1872440000  0.0048850000  0.1227210000  0.0320710000 -0.0170170000  0.2810400000 -0.1059720000  0.0260670000  0.2093240000 0.0331390000 0.0401410000 0.2773970000 
0.0296090000 0.0426710000 0.3919380000  0.0254280000 -0.0063500000  0.3964750000  0.0212460000 -0.0553710000  0.4010120000  0.0170650000 -0.1043910000  0.4055500000  0.0297170000 -0.0153300000  0.3574010000  0.0255360000 -0.0643500000  0.3619380000  0.0213550000 -0.1133710000  0.3664750000  0.0298270000 -0.0733320000  0.3228640000  0.0256460000 -0.1223520000  0.3274010000  0.0299360000 -0.1313320000  0.2883270000 
-0.1904570000 -0.2568050000 -0.1685570000 -0.1709170000 -0.1830380000 -0.1983380000 -0.1513760000 -0.1092710000 -0.2281190000 -0.1318360000 -0.0355040000 -0.2579000000 -0.1269710000 -0.2268740000 -0.1965840000 -0.1074310000 -0.1531070000 -0.2263650000 -0.0878910000 -0.0793400000 -0.2561460000 -0.0634860000 -0.1969430000 -0.2246120000 -0.0439450000 -0.1231760000 -0.2543930000  0.0000000000 -0.1670120000 -0.2526390000 
0.0331390000 0.0401410000 0.2773970000 0.0319620000 0.0409840000 0.3155770000 0.0307850000 0.0418270000 0.3537570000 0.0296090000 0.0426710000 0.3919380000  0.0320710000 -0.0170170000  0.2810400000  0.0308950000 -0.0161740000  0.3192210000  0.0297170000 -0.0153300000  0.3574010000  0.0310030000 -0.0741750000  0.2846840000  0.0298270000 -0.0733320000  0.3228640000  0.0299360000 -0.1313320000  0.2883270000 
0.0000000000 0.1545160000 0.0377000000 0.0311080000 0.1800440000 0.0351670000 0.0622150000 0.2055710000 0.0326350000 0.0933230000 0.2310990000 0.0301020000 0.0155570000 0.1672320000 0.0697130000 0.0466650000 0.1927600000 0.0671800000 0.0777720000 0.2182870000 0.0646480000 0.0311140000 0.1799480000 0.1017260000 0.0622220000 0.2054760000 0.0991930000 0.0466710000 0.1926640000 0.1337390000 
0.0989710000 0.3813810000 0.0471220000 0.0504240000 0.3551230000 0.0759940000 0.0018760000 0.3288650000 0.1048670000 -0.0466710000  0.3026070000  0.1337390000 0.0815380000 0.3551230000 0.0759940000 0.0329900000 0.3288650000 0.1048670000 -0.0155570000  0.3026070000  0.1337390000 0.0641040000 0.3288650000 0.1048670000 0.0155570000 0.3026070000 0.1337390000 0.0466710000 0.3026070000 0.1337390000 
0.0989710000 0.3813810000 0.0471220000  0.1056910000  0.3535540000 -0.0180380000  0.1124110000  0.3257270000 -0.0831980000  0.1191310000  0.2979000000 -0.1483580000  0.0262700000  0.3535540000 -0.0180380000  0.0329900000  0.3257270000 -0.0831980000  0.0397100000  0.2979000000 -0.1483580000 -0.0464300000  0.3257270000 -0.0831980000 -0.0397100000  0.2979000000 -0.1483580000 -0.1191310000  0.2979000000 -0.1483580000 
-0.1191310000  0.2979000000 -0.1483580000 -0.1124110000  0.3257270000 -0.0831980000 -0.1056910000  0.3535540000 -0.0180380000 -0.0989710000  0.3813810000  0.0471220000 -0.0464300000  0.3257270000 -0.0831980000 -0.0397100000  0.3535540000 -0.0180380000 -0.0329900000  0.3813810000  0.0471220000  0.0262700000  0.3535540000 -0.0180380000 0.0329900000 0.3813810000 0.0471220000 0.0989710000 0.3813810000 0.0471220000 
0.0933230000 0.2310990000 0.0301020000  0.1019260000  0.2533660000 -0.0293850000  0.1105280000  0.2756330000 -0.0888710000  0.1191310000  0.2979000000 -0.1483580000 0.0952060000 0.2811930000 0.0357750000  0.1038080000  0.3034600000 -0.0237110000  0.1124110000  0.3257270000 -0.0831980000 0.0970880000 0.3312870000 0.0414490000  0.1056910000  0.3535540000 -0.0180380000 0.0989710000 0.3813810000 0.0471220000 
-0.1318360000 -0.0355040000 -0.2579000000 -0.0439450000 -0.0355040000 -0.2579000000  0.0439450000 -0.0355040000 -0.2579000000  0.1318360000 -0.0355040000 -0.2579000000 -0.0878910000 -0.0793400000 -0.2561460000  0.0000000000 -0.0793400000 -0.2561460000  0.0878910000 -0.0793400000 -0.2561460000 -0.0439450000 -0.1231760000 -0.2543930000  0.0439450000 -0.1231760000 -0.2543930000  0.0000000000 -0.1670120000 -0.2526390000 
 0.1318360000 -0.0355040000 -0.2579000000  0.0878910000  0.0407420000 -0.2460560000  0.0439450000  0.1169880000 -0.2342110000  0.0000000000  0.1932340000 -0.2223670000  0.1385280000  0.0000780000 -0.2389570000  0.0945830000  0.0763240000 -0.2271130000  0.0506370000  0.1525700000 -0.2152690000  0.1452200000  0.0356610000 -0.2200150000  0.1012750000  0.1119070000 -0.2081700000  0.1519120000  0.0712430000 -0.2010720000 
 0.1314640000 -0.0518000000 -0.0549920000  0.0438210000 -0.0518000000 -0.0549920000 -0.0438210000 -0.0518000000 -0.0549920000 -0.1314640000 -0.0518000000 -0.0549920000  0.0876430000 -0.0888480000 -0.0465680000  0.0000000000 -0.0888480000 -0.0465680000 -0.0876430000 -0.0888480000 -0.0465680000  0.0438210000 -0.1258950000 -0.0381440000 -0.0438210000 -0.1258950000 -0.0381440000  0.0000000000 -0.1629430000 -0.0297200000 
-0.1314640000 -0.0518000000 -0.0549920000 -0.0438210000 -0.0518000000 -0.0549920000  0.0438210000 -0.0518000000 -0.0549920000  0.1314640000 -0.0518000000 -0.0549920000 -0.0368620000 -0.0114410000 -0.0254360000  0.0507810000 -0.0114410000 -0.0254360000  0.1384230000 -0.0114410000 -0.0254360000 0.0577400000 0.0289190000 0.0041200000 0.1453830000 0.0289190000 0.0041200000 0.1523420000 0.0692780000 0.0336760000 
-0.0170650000 -0.1043910000  0.4055500000 -0.0212460000 -0.0553710000  0.4010120000 -0.0254280000 -0.0063500000  0.3964750000 -0.0296090000  0.0426710000  0.3919380000 -0.0213550000 -0.1133710000  0.3664750000 -0.0255360000 -0.0643500000  0.3619380000 -0.0297170000 -0.0153300000  0.3574010000 -0.0256460000 -0.1223520000  0.3274010000 -0.0298270000 -0.0733320000  0.3228640000 -0.0299360000 -0.1313320000  0.2883270000 
-0.0574830000 -0.2585440000 -0.1691380000 -0.0383220000 -0.2266770000 -0.1226650000 -0.0191610000 -0.1948100000 -0.0761930000  0.0000000000 -0.1629430000 -0.0297200000 -0.0576180000 -0.2636700000 -0.1111980000 -0.0384570000 -0.2318030000 -0.0647250000 -0.0192960000 -0.1999360000 -0.0182530000 -0.0577520000 -0.2687960000 -0.0532580000 -0.0385910000 -0.2369290000 -0.0067850000 -0.0578870000 -0.2739220000  0.0046820000 
 0.1152220000 -0.5876830000 -0.2644310000  0.1216410000 -0.5701820000 -0.1697940000  0.1280590000 -0.5526820000 -0.0751580000  0.1344780000 -0.5351810000  0.0194790000  0.1157750000 -0.5578790000 -0.2090150000  0.1221930000 -0.5403790000 -0.1143780000  0.1286120000 -0.5228780000 -0.0197410000  0.1163270000 -0.5280760000 -0.1535980000  0.1227460000 -0.5105750000 -0.0589620000  0.1168800000 -0.4982720000 -0.0981820000 
-0.0466710000  0.3026070000  0.1337390000 0.0018760000 0.3288650000 0.1048670000 0.0504240000 0.3551230000 0.0759940000 0.0989710000 0.3813810000 0.0471220000 -0.0641040000  0.3288650000  0.1048670000 -0.0155570000  0.3551230000  0.0759940000 0.0329900000 0.3813810000 0.0471220000 -0.0815380000  0.3551230000  0.0759940000 -0.0329900000  0.3813810000  0.0471220000 -0.0989710000  0.3813810000  0.0471220000 
0.0933230000 0.2310990000 0.0301020000 0.0952060000 0.2811930000 0.0357750000 0.0970880000 0.3312870000 0.0414490000 0.0989710000 0.3813810000 0.0471220000 0.0777720000 0.2182870000 0.0646480000 0.0796550000 0.2683810000 0.0703210000 0.0815380000 0.3184750000 0.0759940000 0.0622220000 0.2054760000 0.0991930000 0.0641040000 0.2555700000 0.1048670000 0.0466710000 0.1926640000 0.1337390000 
0.0000000000 0.1545160000 0.0377000000 -0.0155570000  0.1672320000  0.0697130000 -0.0311140000  0.1799480000  0.1017260000 -0.0466710000  0.1926640000  0.1337390000 -0.0311080000  0.1800440000  0.0351670000 -0.0466650000  0.1927600000  0.0671800000 -0.0622220000  0.2054760000  0.0991930000 -0.0622150000  0.2055710000  0.0326350000 -0.0777720000  0.2182870000  0.0646480000 -0.0933230000  0.2310990000  0.0301020000 
-0.0933230000  0.2310990000  0.0301020000 -0.0777720000  0.2182870000  0.0646480000 -0.0622220000  0.2054760000  0.0991930000 -0.0466710000  0.1926640000  0.1337390000 -0.0777720000  0.2549350000  0.0646480000 -0.0622220000  0.2421230000  0.0991930000 -0.0466710000  0.2293120000  0.1337390000 -0.0622220000  0.2787710000  0.0991930000 -0.0466710000  0.2659590000  0.1337390000 -0.0466710000  0.3026070000  0.1337390000 
0.0989710000 0.3813810000 0.0471220000 0.0815380000 0.3551230000 0.0759940000 0.0641040000 0.3288650000 0.1048670000 0.0466710000 0.3026070000 0.1337390000 0.0815380000 0.3184750000 0.0759940000 0.0641040000 0.2922170000 0.1048670000 0.0466710000 0.2659590000 0.1337390000 0.0641040000 0.2555700000 0.1048670000 0.0466710000 0.2293120000 0.1337390000 0.0466710000 0.1926640000 0.1337390000 
0.0466710000 0.3026070000 0.1337390000 0.0155570000 0.3026070000 0.1337390000 -0.0155570000  0.3026070000  0.1337390000 -0.0466710000  0.3026070000  0.1337390000 0.0466710000 0.2659590000 0.1337390000 0.0155570000 0.2659590000 0.1337390000 -0.0155570000  0.2659590000  0.1337390000 0.0466710000 0.2293120000 0.1337390000 0.0155570000 0.2293120000 0.1337390000 0.0466710000 0.1926640000 0.1337390000 
-0.0466710000  0.3026070000  0.1337390000 -0.0466710000  0.2659590000  0.1337390000 -0.0466710000  0.2293120000  0.1337390000 -0.0466710000  0.1926640000  0.1337390000 -0.0155570000  0.2659590000  0.1337390000 -0.0155570000  0.2293120000  0.1337390000 -0.0155570000  0.1926640000  0.1337390000 0.0155570000 0.2293120000 0.1337390000 0.0155570000 0.1926640000 0.1337390000 0.0466710000 0.1926640000 0.1337390000 
0.0000000000 0.1545160000 0.0377000000 0.0155570000 0.1672320000 0.0697130000 0.0311140000 0.1799480000 0.1017260000 0.0466710000 0.1926640000 0.1337390000 -0.0155570000  0.1672320000  0.0697130000 0.0000000000 0.1799480000 0.1017260000 0.0155570000 0.1926640000 0.1337390000 -0.0311140000  0.1799480000  0.1017260000 -0.0155570000  0.1926640000  0.1337390000 -0.0466710000  0.1926640000  0.1337390000 
 0.1168800000 -0.4982720000 -0.0981820000  0.1412320000 -0.4233430000 -0.0638530000  0.1655830000 -0.3484130000 -0.0295230000  0.1899350000 -0.2734840000  0.0048060000  0.0972160000 -0.4234890000 -0.0638940000  0.1215670000 -0.3485590000 -0.0295650000  0.1459190000 -0.2736300000  0.0047650000  0.0775510000 -0.3487050000 -0.0296060000  0.1019030000 -0.2737760000  0.0047230000  0.0578870000 -0.2739220000  0.0046820000 
 0.1904570000 -0.2568050000 -0.1685570000  0.1902830000 -0.2623650000 -0.1107690000  0.1901090000 -0.2679240000 -0.0529820000  0.1899350000 -0.2734840000  0.0048060000  0.2063980000 -0.3358020000 -0.1447230000  0.2062240000 -0.3413610000 -0.0869350000  0.2060500000 -0.3469210000 -0.0291480000  0.2223380000 -0.4147980000 -0.1208890000  0.2221640000 -0.4203580000 -0.0631010000  0.2382790000 -0.4937950000 -0.0970550000 
-0.2513140000 -0.5880660000 -0.2636060000 -0.2543920000 -0.5702920000 -0.1691970000 -0.2574710000 -0.5525180000 -0.0747870000 -0.2605490000 -0.5347440000  0.0196220000 -0.2469690000 -0.5566420000 -0.2080890000 -0.2500470000 -0.5388680000 -0.1136800000 -0.2531260000 -0.5210940000 -0.0192700000 -0.2426240000 -0.5252190000 -0.1525720000 -0.2457020000 -0.5074450000 -0.0581630000 -0.2382790000 -0.4937950000 -0.0970550000 
 0.1899350000 -0.2734840000  0.0048060000  0.1704450000 -0.1995890000 -0.0151270000  0.1509540000 -0.1256950000 -0.0350590000  0.1314640000 -0.0518000000 -0.0549920000  0.1266230000 -0.2366370000 -0.0067030000  0.1071330000 -0.1627420000 -0.0266350000  0.0876430000 -0.0888480000 -0.0465680000  0.0633120000 -0.1997900000 -0.0182110000  0.0438210000 -0.1258950000 -0.0381440000  0.0000000000 -0.1629430000 -0.0297200000 
-0.1168800000 -0.4982720000 -0.0981820000 -0.0972160000 -0.4234890000 -0.0638940000 -0.0775510000 -0.3487050000 -0.0296060000 -0.0578870000 -0.2739220000  0.0046820000 -0.1412320000 -0.4233430000 -0.0638530000 -0.1215670000 -0.3485590000 -0.0295650000 -0.1019030000 -0.2737760000  0.0047230000 -0.1655830000 -0.3484130000 -0.0295230000 -0.1459190000 -0.2736300000  0.0047650000 -0.1899350000 -0.2734840000  0.0048060000 
 0.0000000000  0.1932340000 -0.2223670000  0.0439450000  0.1169880000 -0.2342110000  0.0878910000  0.0407420000 -0.2460560000  0.1318360000 -0.0355040000 -0.2579000000 -0.0439450000  0.1169880000 -0.2342110000  0.0000000000  0.0407420000 -0.2460560000  0.0439450000 -0.0355040000 -0.2579000000 -0.0878910000  0.0407420000 -0.2460560000 -0.0439450000 -0.0355040000 -0.2579000000 -0.1318360000 -0.0355040000 -0.2579000000 
 0.1168800000 -0.4982720000 -0.0981820000  0.1573460000 -0.4967800000 -0.0978060000  0.1978130000 -0.4952870000 -0.0974310000  0.2382790000 -0.4937950000 -0.0970550000  0.1412320000 -0.4233430000 -0.0638530000  0.1816980000 -0.4218500000 -0.0634770000  0.2221640000 -0.4203580000 -0.0631010000  0.1655830000 -0.3484130000 -0.0295230000  0.2060500000 -0.3469210000 -0.0291480000  0.1899350000 -0.2734840000  0.0048060000 
 0.2382790000 -0.4937950000 -0.0970550000  0.2426240000 -0.5252190000 -0.1525720000  0.2469690000 -0.5566420000 -0.2080890000  0.2513140000 -0.5880660000 -0.2636060000  0.2223380000 -0.4147980000 -0.1208890000  0.2266830000 -0.4462220000 -0.1764060000  0.2310280000 -0.4776460000 -0.2319230000  0.2063980000 -0.3358020000 -0.1447230000  0.2107430000 -0.3672250000 -0.2002400000  0.1904570000 -0.2568050000 -0.1685570000 
-0.1168800000 -0.4982720000 -0.0981820000 -0.0970810000 -0.4183630000 -0.1218340000 -0.0772820000 -0.3384530000 -0.1454860000 -0.0574830000 -0.2585440000 -0.1691380000 -0.0972160000 -0.4234890000 -0.0638940000 -0.0774170000 -0.3435790000 -0.0875460000 -0.0576180000 -0.2636700000 -0.1111980000 -0.0775510000 -0.3487050000 -0.0296060000 -0.0577520000 -0.2687960000 -0.0532580000 -0.0578870000 -0.2739220000  0.0046820000 
-0.0574830000 -0.2585440000 -0.1691380000 -0.0772820000 -0.3384530000 -0.1454860000 -0.0970810000 -0.4183630000 -0.1218340000 -0.1168800000 -0.4982720000 -0.0981820000 -0.0767290000 -0.3682570000 -0.2009020000 -0.0965280000 -0.4481660000 -0.1772500000 -0.1163270000 -0.5280760000 -0.1535980000 -0.0959760000 -0.4779700000 -0.2326670000 -0.1157750000 -0.5578790000 -0.2090150000 -0.1152220000 -0.5876830000 -0.2644310000 
-0.0170650000 -0.1043910000  0.4055500000  0.2811340000 -0.0310380000  0.2649210000 0.3504480000 0.0501280000 0.0035670000  0.1519120000  0.0712430000 -0.2010720000 0.3229870000 0.0351300000 0.2623900000 0.3299740000 0.1256810000 0.0065610000  0.1409850000  0.1467950000 -0.1835010000 0.3095010000 0.2012330000 0.0095550000  0.1300580000  0.2223480000 -0.1659290000  0.1191310000  0.2979000000 -0.1483580000 
0.0296090000 0.0426710000 0.3919380000 -0.1559630000  0.0828120000  0.2202850000 -0.1861730000  0.0430340000  0.1245330000 -0.1523420000  0.0692780000  0.0336760000 -0.1973470000  0.1206890000  0.2080090000 -0.1743860000  0.0969750000  0.1087370000 -0.1326690000  0.1232180000  0.0324850000 -0.1625990000  0.1509150000  0.0929410000 -0.1129960000  0.1771590000  0.0312930000 -0.0933230000  0.2310990000  0.0301020000 
-0.0299360000 -0.1313320000  0.2883270000  0.1817790000 -0.0438580000  0.2592180000 0.2408710000 0.0097330000 0.1031750000 0.1523420000 0.0692780000 0.0336760000  0.2371980000 -0.0986490000  0.2662950000 0.3005480000 0.0103880000 0.0525630000  0.1521990000  0.0699330000 -0.0445730000 0.3602250000 0.0110430000 0.0019500000  0.1520550000  0.0705880000 -0.1228230000  0.1519120000  0.0712430000 -0.2010720000 
0.0933230000 0.2310990000 0.0301020000 0.2075200000 0.1566990000 0.0732000000 0.2671000000 0.0616290000 0.2455690000 -0.0170650000 -0.1043910000  0.4055500000  0.1019260000  0.2533660000 -0.0293850000 0.2585100000 0.1789660000 0.0413770000 0.3229870000 0.0351300000 0.2623900000  0.1105280000  0.2756330000 -0.0888710000 0.3095010000 0.2012330000 0.0095550000  0.1191310000  0.2979000000 -0.1483580000 
-0.1519120000  0.0712430000 -0.2010720000 -0.3504480000  0.0501280000  0.0035670000 -0.2811340000 -0.0310380000  0.2649210000  0.0170650000 -0.1043910000  0.4055500000 -0.1409850000  0.1467950000 -0.1835010000 -0.3299740000  0.1256810000  0.0065610000 -0.3229870000  0.0351300000  0.2623900000 -0.1300580000  0.2223480000 -0.1659290000 -0.3095010000  0.2012330000  0.0095550000 -0.1191310000  0.2979000000 -0.1483580000 
 0.0170650000 -0.1043910000  0.4055500000  0.0212460000 -0.0553710000  0.4010120000  0.0254280000 -0.0063500000  0.3964750000 0.0296090000 0.0426710000 0.3919380000 -0.2671000000  0.0616290000  0.2455690000 -0.2322240000  0.0911590000  0.2267890000 -0.1973470000  0.1206890000  0.2080090000 -0.2075200000  0.1566990000  0.0732000000 -0.1625990000  0.1509150000  0.0929410000 -0.0933230000  0.2310990000  0.0301020000 
-0.0296090000  0.0426710000  0.3919380000 0.1973470000 0.1206890000 0.2080090000 0.1625990000 0.1509150000 0.0929410000 0.0933230000 0.2310990000 0.0301020000 0.1559630000 0.0828120000 0.2202850000 0.1743860000 0.0969750000 0.1087370000 0.1129960000 0.1771590000 0.0312930000 0.1861730000 0.0430340000 0.1245330000 0.1326690000 0.1232180000 0.0324850000 0.1523420000 0.0692780000 0.0336760000 
 0.0299360000 -0.1313320000  0.2883270000 -0.2371980000 -0.0986490000  0.2662950000 -0.3602250000  0.0110430000  0.0019500000 -0.1519120000  0.0712430000 -0.2010720000 -0.1817790000 -0.0438580000  0.2592180000 -0.3005480000  0.0103880000  0.0525630000 -0.1520550000  0.0705880000 -0.1228230000 -0.2408710000  0.0097330000  0.1031750000 -0.1521990000  0.0699330000 -0.0445730000 -0.1523420000  0.0692780000  0.0336760000 
-0.0170650000 -0.1043910000  0.4055500000 -0.0213550000 -0.1133710000  0.3664750000 -0.0256460000 -0.1223520000  0.3274010000 -0.0299360000 -0.1313320000  0.2883270000  0.2811340000 -0.0310380000  0.2649210000  0.2591660000 -0.0648440000  0.2656080000  0.2371980000 -0.0986490000  0.2662950000 0.3504480000 0.0501280000 0.0035670000 0.3602250000 0.0110430000 0.0019500000  0.1519120000  0.0712430000 -0.2010720000 
0.0296090000 0.0426710000 0.3919380000 0.0307850000 0.0418270000 0.3537570000 0.0319620000 0.0409840000 0.3155770000 0.0331390000 0.0401410000 0.2773970000 -0.1559630000  0.0828120000  0.2202850000 -0.1309670000  0.0544400000  0.2148050000 -0.1059720000  0.0260670000  0.2093240000 -0.1861730000  0.0430340000  0.1245330000 -0.1872440000  0.0048850000  0.1227210000 -0.1523420000  0.0692780000  0.0336760000 
-0.0299360000 -0.1313320000  0.2883270000 -0.0310030000 -0.0741750000  0.2846840000 -0.0320710000 -0.0170170000  0.2810400000 -0.0331390000  0.0401410000  0.2773970000  0.1817790000 -0.0438580000  0.2592180000  0.1438750000 -0.0088950000  0.2342710000 0.1059720000 0.0260670000 0.2093240000 0.2408710000 0.0097330000 0.1031750000 0.1872440000 0.0048850000 0.1227210000 0.1523420000 0.0692780000 0.0336760000 
0.0933230000 0.2310990000 0.0301020000 0.1625990000 0.1509150000 0.0929410000 0.1973470000 0.1206890000 0.2080090000 -0.0296090000  0.0426710000  0.3919380000 0.2075200000 0.1566990000 0.0732000000 0.2322240000 0.0911590000 0.2267890000 -0.0254280000 -0.0063500000  0.3964750000 0.2671000000 0.0616290000 0.2455690000 -0.0212460000 -0.0553710000  0.4010120000 -0.0170650000 -0.1043910000  0.4055500000 
-0.1519120000  0.0712430000 -0.2010720000 -0.3602250000  0.0110430000  0.0019500000 -0.2371980000 -0.0986490000  0.2662950000  0.0299360000 -0.1313320000  0.2883270000 -0.3504480000  0.0501280000  0.0035670000 -0.2591660000 -0.0648440000  0.2656080000  0.0256460000 -0.1223520000  0.3274010000 -0.2811340000 -0.0310380000  0.2649210000  0.0213550000 -0.1133710000  0.3664750000  0.0170650000 -0.1043910000  0.4055500000 